696 579 843 -337 -455 -46 -276 49 968 555 552 801 -302 858 64 -127 882 -441 286 384 -122 780 -139 -448 -394 -560 -458 -171 -871 -916 -663 609 320 285 -832 -654 -221 654 107 -97 -819 526 306 265 410 -350 -872 -565 21 
0 0 0 0 0 0 0 0 0 0 0 0 0 0 0 0 0 0 0 0 0 0 0 0 0 0 0 0 0 0 0 0 0 0 0 0 0 0 0 0 0 0 0 0 0 0 0 0 0 
0 0 0 0 0 0 0 0 0 0 0 0 0 0 0 0 0 0 0 0 0 0 0 0 0 0 0 0 0 0 0 0 0 0 0 0 0 0 0 0 0 0 0 0 0 0 0 0 0 
0 0 0 0 0 0 0 0 0 0 0 0 0 0 0 0 0 0 0 0 0 0 0 0 0 0 0 0 0 0 0 0 0 0 0 0 0 0 0 0 0 0 0 0 0 0 0 0 0 
0 0 0 0 0 0 0 0 0 0 0 0 0 0 0 0 0 0 0 0 0 0 0 0 0 0 0 0 0 0 0 0 0 0 0 0 0 0 0 0 0 0 0 0 0 0 0 0 0 
0 0 0 0 0 0 0 0 0 0 0 0 0 0 0 0 0 0 0 0 0 0 0 0 0 0 0 0 0 0 0 0 0 0 0 0 0 0 0 0 0 0 0 0 0 0 0 0 0 
0 0 0 0 0 0 0 0 0 0 0 0 0 0 0 0 0 0 0 0 0 0 0 0 0 0 0 0 0 0 0 0 0 0 0 0 0 0 0 0 0 0 0 0 0 0 0 0 0 
0 0 0 0 0 0 0 0 0 0 0 0 0 0 0 0 0 0 0 0 0 0 0 0 0 0 0 0 0 0 0 0 0 0 0 0 0 0 0 0 0 0 0 0 0 0 0 0 0 
0 0 0 0 0 0 0 0 0 0 0 0 0 0 0 0 0 0 0 0 0 0 0 0 0 0 0 0 0 0 0 0 0 0 0 0 0 0 0 0 0 0 0 0 0 0 0 0 0 
0 0 0 0 0 0 0 0 0 0 0 0 0 0 0 0 0 0 0 0 0 0 0 0 0 0 0 0 0 0 0 0 0 0 0 0 0 0 0 0 0 0 0 0 0 0 0 0 0 
0 0 0 0 0 0 0 0 0 0 0 0 0 0 0 0 0 0 0 0 0 0 0 0 0 0 0 0 0 0 0 0 0 0 0 0 0 0 0 0 0 0 0 0 0 0 0 0 0 
0 0 0 0 0 0 0 0 0 0 0 0 0 0 0 0 0 0 0 0 0 0 0 0 0 0 0 0 0 0 0 0 0 0 0 0 0 0 0 0 0 0 0 0 0 0 0 0 0 
0 0 0 0 0 0 0 0 0 0 0 0 0 0 0 0 0 0 0 0 0 0 0 0 0 0 0 0 0 0 0 0 0 0 0 0 0 0 0 0 0 0 0 0 0 0 0 0 0 
0 0 0 0 0 0 0 0 0 0 0 0 0 0 0 0 0 0 0 0 0 0 0 0 0 0 0 0 0 0 0 0 0 0 0 0 0 0 0 0 0 0 0 0 0 0 0 0 0 
0 0 0 0 0 0 0 0 0 0 0 0 0 0 0 0 0 0 0 0 0 0 0 0 0 0 0 0 0 0 0 0 0 0 0 0 0 0 0 0 0 0 0 0 0 0 0 0 0 
0 0 0 0 0 0 0 0 0 0 0 0 0 0 0 0 0 0 0 0 0 0 0 0 0 0 0 0 0 0 0 0 0 0 0 0 0 0 0 0 0 0 0 0 0 0 0 0 0 
0 0 0 0 0 0 0 0 0 0 0 0 0 0 0 0 0 0 0 0 0 0 0 0 0 0 0 0 0 0 0 0 0 0 0 0 0 0 0 0 0 0 0 0 0 0 0 0 0 
0 0 0 0 0 0 0 0 0 0 0 0 0 0 0 0 0 0 0 0 0 0 0 0 0 0 0 0 0 0 0 0 0 0 0 0 0 0 0 0 0 0 0 0 0 0 0 0 0 
0 0 0 0 0 0 0 0 0 0 0 0 0 0 0 0 0 0 0 0 0 0 0 0 0 0 0 0 0 0 0 0 0 0 0 0 0 0 0 0 0 0 0 0 0 0 0 0 0 
0 0 0 0 0 0 0 0 0 0 0 0 0 0 0 0 0 0 0 0 0 0 0 0 0 0 0 0 0 0 0 0 0 0 0 0 0 0 0 0 0 0 0 0 0 0 0 0 0 
0 0 0 0 0 0 0 0 0 0 0 0 0 0 0 0 0 0 0 0 0 0 0 0 0 0 0 0 0 0 0 0 0 0 0 0 0 0 0 0 0 0 0 0 0 0 0 0 0 
0 0 0 0 0 0 0 0 0 0 0 0 0 0 0 0 0 0 0 0 0 0 0 0 0 0 0 0 0 0 0 0 0 0 0 0 0 0 0 0 0 0 0 0 0 0 0 0 0 
0 0 0 0 0 0 0 0 0 0 0 0 0 0 0 0 0 0 0 0 0 0 0 0 0 0 0 0 0 0 0 0 0 0 0 0 0 0 0 0 0 0 0 0 0 0 0 0 0 
0 0 0 0 0 0 0 0 0 0 0 0 0 0 0 0 0 0 0 0 0 0 0 0 0 0 0 0 0 0 0 0 0 0 0 0 0 0 0 0 0 0 0 0 0 0 0 0 0 
0 0 0 0 0 0 0 0 0 0 0 0 0 0 0 0 0 0 0 0 0 0 0 0 0 0 0 0 0 0 0 0 0 0 0 0 0 0 0 0 0 0 0 0 0 0 0 0 0 
0 0 0 0 0 0 0 0 0 0 0 0 0 0 0 0 0 0 0 0 0 0 0 0 0 0 0 0 0 0 0 0 0 0 0 0 0 0 0 0 0 0 0 0 0 0 0 0 0 
0 0 0 0 0 0 0 0 0 0 0 0 0 0 0 0 0 0 0 0 0 0 0 0 0 0 0 0 0 0 0 0 0 0 0 0 0 0 0 0 0 0 0 0 0 0 0 0 0 
0 0 0 0 0 0 0 0 0 0 0 0 0 0 0 0 0 0 0 0 0 0 0 0 0 0 0 0 0 0 0 0 0 0 0 0 0 0 0 0 0 0 0 0 0 0 0 0 0 
0 0 0 0 0 0 0 0 0 0 0 0 0 0 0 0 0 0 0 0 0 0 0 0 0 0 0 0 0 0 0 0 0 0 0 0 0 0 0 0 0 0 0 0 0 0 0 0 0 
0 0 0 0 0 0 0 0 0 0 0 0 0 0 0 0 0 0 0 0 0 0 0 0 0 0 0 0 0 0 0 0 0 0 0 0 0 0 0 0 0 0 0 0 0 0 0 0 0 
0 0 0 0 0 0 0 0 0 0 0 0 0 0 0 0 0 0 0 0 0 0 0 0 0 0 0 0 0 0 0 0 0 0 0 0 0 0 0 0 0 0 0 0 0 0 0 0 0 
0 0 0 0 0 0 0 0 0 0 0 0 0 0 0 0 0 0 0 0 0 0 0 0 0 0 0 0 0 0 0 0 0 0 0 0 0 0 0 0 0 0 0 0 0 0 0 0 0 
0 0 0 0 0 0 0 0 0 0 0 0 0 0 0 0 0 0 0 0 0 0 0 0 0 0 0 0 0 0 0 0 0 0 0 0 0 0 0 0 0 0 0 0 0 0 0 0 0 
0 0 0 0 0 0 0 0 0 0 0 0 0 0 0 0 0 0 0 0 0 0 0 0 0 0 0 0 0 0 0 0 0 0 0 0 0 0 0 0 0 0 0 0 0 0 0 0 0 
0 0 0 0 0 0 0 0 0 0 0 0 0 0 0 0 0 0 0 0 0 0 0 0 0 0 0 0 0 0 0 0 0 0 0 0 0 0 0 0 0 0 0 0 0 0 0 0 0 
0 0 0 0 0 0 0 0 0 0 0 0 0 0 0 0 0 0 0 0 0 0 0 0 0 0 0 0 0 0 0 0 0 0 0 0 0 0 0 0 0 0 0 0 0 0 0 0 0 
0 0 0 0 0 0 0 0 0 0 0 0 0 0 0 0 0 0 0 0 0 0 0 0 0 0 0 0 0 0 0 0 0 0 0 0 0 0 0 0 0 0 0 0 0 0 0 0 0 
0 0 0 0 0 0 0 0 0 0 0 0 0 0 0 0 0 0 0 0 0 0 0 0 0 0 0 0 0 0 0 0 0 0 0 0 0 0 0 0 0 0 0 0 0 0 0 0 0 
0 0 0 0 0 0 0 0 0 0 0 0 0 0 0 0 0 0 0 0 0 0 0 0 0 0 0 0 0 0 0 0 0 0 0 0 0 0 0 0 0 0 0 0 0 0 0 0 0 
0 0 0 0 0 0 0 0 0 0 0 0 0 0 0 0 0 0 0 0 0 0 0 0 0 0 0 0 0 0 0 0 0 0 0 0 0 0 0 0 0 0 0 0 0 0 0 0 0 
0 0 0 0 0 0 0 0 0 0 0 0 0 0 0 0 0 0 0 0 0 0 0 0 0 0 0 0 0 0 0 0 0 0 0 0 0 0 0 0 0 0 0 0 0 0 0 0 0 
0 0 0 0 0 0 0 0 0 0 0 0 0 0 0 0 0 0 0 0 0 0 0 0 0 0 0 0 0 0 0 0 0 0 0 0 0 0 0 0 0 0 0 0 0 0 0 0 0 
0 0 0 0 0 0 0 0 0 0 0 0 0 0 0 0 0 0 0 0 0 0 0 0 0 0 0 0 0 0 0 0 0 0 0 0 0 0 0 0 0 0 0 0 0 0 0 0 0 
0 0 0 0 0 0 0 0 0 0 0 0 0 0 0 0 0 0 0 0 0 0 0 0 0 0 0 0 0 0 0 0 0 0 0 0 0 0 0 0 0 0 0 0 0 0 0 0 0 
0 0 0 0 0 0 0 0 0 0 0 0 0 0 0 0 0 0 0 0 0 0 0 0 0 0 0 0 0 0 0 0 0 0 0 0 0 0 0 0 0 0 0 0 0 0 0 0 0 
0 0 0 0 0 0 0 0 0 0 0 0 0 0 0 0 0 0 0 0 0 0 0 0 0 0 0 0 0 0 0 0 0 0 0 0 0 0 0 0 0 0 0 0 0 0 0 0 0 
0 0 0 0 0 0 0 0 0 0 0 0 0 0 0 0 0 0 0 0 0 0 0 0 0 0 0 0 0 0 0 0 0 0 0 0 0 0 0 0 0 0 0 0 0 0 0 0 0 
0 0 0 0 0 0 0 0 0 0 0 0 0 0 0 0 0 0 0 0 0 0 0 0 0 0 0 0 0 0 0 0 0 0 0 0 0 0 0 0 0 0 0 0 0 0 0 0 0 
0 0 0 0 0 0 0 0 0 0 0 0 0 0 0 0 0 0 0 0 0 0 0 0 0 0 0 0 0 0 0 0 0 0 0 0 0 0 0 0 0 0 0 0 0 0 0 0 0 
0 0 0 0 0 0 0 0 0 0 0 0 0 0 0 0 0 0 0 0 0 0 0 0 0 0 0 0 0 0 0 0 0 0 0 0 0 0 0 0 0 0 0 0 0 0 0 0 0 
0 0 0 0 0 0 0 0 0 0 0 0 0 0 0 0 0 0 0 0 0 0 0 0 0 0 0 0 0 0 0 0 0 0 0 0 0 0 0 0 0 0 0 0 0 0 0 0 0 
0 0 0 0 0 0 0 0 0 0 0 0 0 0 0 0 0 0 0 0 0 0 0 0 0 0 0 0 0 0 0 0 0 0 0 0 0 0 0 0 0 0 0 0 0 0 0 0 0 
0 0 0 0 0 0 0 0 0 0 0 0 0 0 0 0 0 0 0 0 0 0 0 0 0 0 0 0 0 0 0 0 0 0 0 0 0 0 0 0 0 0 0 0 0 0 0 0 0 
0 0 0 0 0 0 0 0 0 0 0 0 0 0 0 0 0 0 0 0 0 0 0 0 0 0 0 0 0 0 0 0 0 0 0 0 0 0 0 0 0 0 0 0 0 0 0 0 0 
0 0 0 0 0 0 0 0 0 0 0 0 0 0 0 0 0 0 0 0 0 0 0 0 0 0 0 0 0 0 0 0 0 0 0 0 0 0 0 0 0 0 0 0 0 0 0 0 0 
0 0 0 0 0 0 0 0 0 0 0 0 0 0 0 0 0 0 0 0 0 0 0 0 0 0 0 0 0 0 0 0 0 0 0 0 0 0 0 0 0 0 0 0 0 0 0 0 0 
0 0 0 0 0 0 0 0 0 0 0 0 0 0 0 0 0 0 0 0 0 0 0 0 0 0 0 0 0 0 0 0 0 0 0 0 0 0 0 0 0 0 0 0 0 0 0 0 0 
0 0 0 0 0 0 0 0 0 0 0 0 0 0 0 0 0 0 0 0 0 0 0 0 0 0 0 0 0 0 0 0 0 0 0 0 0 0 0 0 0 0 0 0 0 0 0 0 0 
0 0 0 0 0 0 0 0 0 0 0 0 0 0 0 0 0 0 0 0 0 0 0 0 0 0 0 0 0 0 0 0 0 0 0 0 0 0 0 0 0 0 0 0 0 0 0 0 0 
0 0 0 0 0 0 0 0 0 0 0 0 0 0 0 0 0 0 0 0 0 0 0 0 0 0 0 0 0 0 0 0 0 0 0 0 0 0 0 0 0 0 0 0 0 0 0 0 0 
0 0 0 0 0 0 0 0 0 0 0 0 0 0 0 0 0 0 0 0 0 0 0 0 0 0 0 0 0 0 0 0 0 0 0 0 0 0 0 0 0 0 0 0 0 0 0 0 0 
0 0 0 0 0 0 0 0 0 0 0 0 0 0 0 0 0 0 0 0 0 0 0 0 0 0 0 0 0 0 0 0 0 0 0 0 0 0 0 0 0 0 0 0 0 0 0 0 0 
0 0 0 0 0 0 0 0 0 0 0 0 0 0 0 0 0 0 0 0 0 0 0 0 0 0 0 0 0 0 0 0 0 0 0 0 0 0 0 0 0 0 0 0 0 0 0 0 0 
0 0 0 0 0 0 0 0 0 0 0 0 0 0 0 0 0 0 0 0 0 0 0 0 0 0 0 0 0 0 0 0 0 0 0 0 0 0 0 0 0 0 0 0 0 0 0 0 0 
0 0 0 0 0 0 0 0 0 0 0 0 0 0 0 0 0 0 0 0 0 0 0 0 0 0 0 0 0 0 0 0 0 0 0 0 0 0 0 0 0 0 0 0 0 0 0 0 0 
0 0 0 0 0 0 0 0 0 0 0 0 0 0 0 0 0 0 0 0 0 0 0 0 0 0 0 0 0 0 0 0 0 0 0 0 0 0 0 0 0 0 0 0 0 0 0 0 0 
0 0 0 0 0 0 0 0 0 0 0 0 0 0 0 0 0 0 0 0 0 0 0 0 0 0 0 0 0 0 0 0 0 0 0 0 0 0 0 0 0 0 0 0 0 0 0 0 0 
0 0 0 0 0 0 0 0 0 0 0 0 0 0 0 0 0 0 0 0 0 0 0 0 0 0 0 0 0 0 0 0 0 0 0 0 0 0 0 0 0 0 0 0 0 0 0 0 0 
0 0 0 0 0 0 0 0 0 0 0 0 0 0 0 0 0 0 0 0 0 0 0 0 0 0 0 0 0 0 0 0 0 0 0 0 0 0 0 0 0 0 0 0 0 0 0 0 0 
0 0 0 0 0 0 0 0 0 0 0 0 0 0 0 0 0 0 0 0 0 0 0 0 0 0 0 0 0 0 0 0 0 0 0 0 0 0 0 0 0 0 0 0 0 0 0 0 0 
0 0 0 0 0 0 0 0 0 0 0 0 0 0 0 0 0 0 0 0 0 0 0 0 0 0 0 0 0 0 0 0 0 0 0 0 0 0 0 0 0 0 0 0 0 0 0 0 0 
0 0 0 0 0 0 0 0 0 0 0 0 0 0 0 0 0 0 0 0 0 0 0 0 0 0 0 0 0 0 0 0 0 0 0 0 0 0 0 0 0 0 0 0 0 0 0 0 0 
0 0 0 0 0 0 0 0 0 0 0 0 0 0 0 0 0 0 0 0 0 0 0 0 0 0 0 0 0 0 0 0 0 0 0 0 0 0 0 0 0 0 0 0 0 0 0 0 0 
0 0 0 0 0 0 0 0 0 0 0 0 0 0 0 0 0 0 0 0 0 0 0 0 0 0 0 0 0 0 0 0 0 0 0 0 0 0 0 0 0 0 0 0 0 0 0 0 0 
0 0 0 0 0 0 0 0 0 0 0 0 0 0 0 0 0 0 0 0 0 0 0 0 0 0 0 0 0 0 0 0 0 0 0 0 0 0 0 0 0 0 0 0 0 0 0 0 0 
0 0 0 0 0 0 0 0 0 0 0 0 0 0 0 0 0 0 0 0 0 0 0 0 0 0 0 0 0 0 0 0 0 0 0 0 0 0 0 0 0 0 0 0 0 0 0 0 0 
0 0 0 0 0 0 0 0 0 0 0 0 0 0 0 0 0 0 0 0 0 0 0 0 0 0 0 0 0 0 0 0 0 0 0 0 0 0 0 0 0 0 0 0 0 0 0 0 0 
0 0 0 0 0 0 0 0 0 0 0 0 0 0 0 0 0 0 0 0 0 0 0 0 0 0 0 0 0 0 0 0 0 0 0 0 0 0 0 0 0 0 0 0 0 0 0 0 0 
0 0 0 0 0 0 0 0 0 0 0 0 0 0 0 0 0 0 0 0 0 0 0 0 0 0 0 0 0 0 0 0 0 0 0 0 0 0 0 0 0 0 0 0 0 0 0 0 0 
0 0 0 0 0 0 0 0 0 0 0 0 0 0 0 0 0 0 0 0 0 0 0 0 0 0 0 0 0 0 0 0 0 0 0 0 0 0 0 0 0 0 0 0 0 0 0 0 0 
0 0 0 0 0 0 0 0 0 0 0 0 0 0 0 0 0 0 0 0 0 0 0 0 0 0 0 0 0 0 0 0 0 0 0 0 0 0 0 0 0 0 0 0 0 0 0 0 0 
0 0 0 0 0 0 0 0 0 0 0 0 0 0 0 0 0 0 0 0 0 0 0 0 0 0 0 0 0 0 0 0 0 0 0 0 0 0 0 0 0 0 0 0 0 0 0 0 0 
0 0 0 0 0 0 0 0 0 0 0 0 0 0 0 0 0 0 0 0 0 0 0 0 0 0 0 0 0 0 0 0 0 0 0 0 0 0 0 0 0 0 0 0 0 0 0 0 0 
0 0 0 0 0 0 0 0 0 0 0 0 0 0 0 0 0 0 0 0 0 0 0 0 0 0 0 0 0 0 0 0 0 0 0 0 0 0 0 0 0 0 0 0 0 0 0 0 0 
0 0 0 0 0 0 0 0 0 0 0 0 0 0 0 0 0 0 0 0 0 0 0 0 0 0 0 0 0 0 0 0 0 0 0 0 0 0 0 0 0 0 0 0 0 0 0 0 0 
0 0 0 0 0 0 0 0 0 0 0 0 0 0 0 0 0 0 0 0 0 0 0 0 0 0 0 0 0 0 0 0 0 0 0 0 0 0 0 0 0 0 0 0 0 0 0 0 0 
0 0 0 0 0 0 0 0 0 0 0 0 0 0 0 0 0 0 0 0 0 0 0 0 0 0 0 0 0 0 0 0 0 0 0 0 0 0 0 0 0 0 0 0 0 0 0 0 0 
0 0 0 0 0 0 0 0 0 0 0 0 0 0 0 0 0 0 0 0 0 0 0 0 0 0 0 0 0 0 0 0 0 0 0 0 0 0 0 0 0 0 0 0 0 0 0 0 0 
0 0 0 0 0 0 0 0 0 0 0 0 0 0 0 0 0 0 0 0 0 0 0 0 0 0 0 0 0 0 0 0 0 0 0 0 0 0 0 0 0 0 0 0 0 0 0 0 0 
0 0 0 0 0 0 0 0 0 0 0 0 0 0 0 0 0 0 0 0 0 0 0 0 0 0 0 0 0 0 0 0 0 0 0 0 0 0 0 0 0 0 0 0 0 0 0 0 0 
0 0 0 0 0 0 0 0 0 0 0 0 0 0 0 0 0 0 0 0 0 0 0 0 0 0 0 0 0 0 0 0 0 0 0 0 0 0 0 0 0 0 0 0 0 0 0 0 0 
0 0 0 0 0 0 0 0 0 0 0 0 0 0 0 0 0 0 0 0 0 0 0 0 0 0 0 0 0 0 0 0 0 0 0 0 0 0 0 0 0 0 0 0 0 0 0 0 0 
0 0 0 0 0 0 0 0 0 0 0 0 0 0 0 0 0 0 0 0 0 0 0 0 0 0 0 0 0 0 0 0 0 0 0 0 0 0 0 0 0 0 0 0 0 0 0 0 0 
0 0 0 0 0 0 0 0 0 0 0 0 0 0 0 0 0 0 0 0 0 0 0 0 0 0 0 0 0 0 0 0 0 0 0 0 0 0 0 0 0 0 0 0 0 0 0 0 0 
0 0 0 0 0 0 0 0 0 0 0 0 0 0 0 0 0 0 0 0 0 0 0 0 0 0 0 0 0 0 0 0 0 0 0 0 0 0 0 0 0 0 0 0 0 0 0 0 0 
0 0 0 0 0 0 0 0 0 0 0 0 0 0 0 0 0 0 0 0 0 0 0 0 0 0 0 0 0 0 0 0 0 0 0 0 0 0 0 0 0 0 0 0 0 0 0 0 0 
0 0 0 0 0 0 0 0 0 0 0 0 0 0 0 0 0 0 0 0 0 0 0 0 0 0 0 0 0 0 0 0 0 0 0 0 0 0 0 0 0 0 0 0 0 0 0 0 0 
0 0 0 0 0 0 0 0 0 0 0 0 0 0 0 0 0 0 0 0 0 0 0 0 0 0 0 0 0 0 0 0 0 0 0 0 0 0 0 0 0 0 0 0 0 0 0 0 0 
0 0 0 0 0 0 0 0 0 0 0 0 0 0 0 0 0 0 0 0 0 0 0 0 0 0 0 0 0 0 0 0 0 0 0 0 0 0 0 0 0 0 0 0 0 0 0 0 0 
0 0 0 0 0 0 0 0 0 0 0 0 0 0 0 0 0 0 0 0 0 0 0 0 0 0 0 0 0 0 0 0 0 0 0 0 0 0 0 0 0 0 0 0 0 0 0 0 0 
0 0 0 0 0 0 0 0 0 0 0 0 0 0 0 0 0 0 0 0 0 0 0 0 0 0 0 0 0 0 0 0 0 0 0 0 0 0 0 0 0 0 0 0 0 0 0 0 0 
0 0 0 0 0 0 0 0 0 0 0 0 0 0 0 0 0 0 0 0 0 0 0 0 0 0 0 0 0 0 0 0 0 0 0 0 0 0 0 0 0 0 0 0 0 0 0 0 0 
0 0 0 0 0 0 0 0 0 0 0 0 0 0 0 0 0 0 0 0 0 0 0 0 0 0 0 0 0 0 0 0 0 0 0 0 0 0 0 0 0 0 0 0 0 0 0 0 0 
0 0 0 0 0 0 0 0 0 0 0 0 0 0 0 0 0 0 0 0 0 0 0 0 0 0 0 0 0 0 0 0 0 0 0 0 0 0 0 0 0 0 0 0 0 0 0 0 0 
0 0 0 0 0 0 0 0 0 0 0 0 0 0 0 0 0 0 0 0 0 0 0 0 0 0 0 0 0 0 0 0 0 0 0 0 0 0 0 0 0 0 0 0 0 0 0 0 0 
0 0 0 0 0 0 0 0 0 0 0 0 0 0 0 0 0 0 0 0 0 0 0 0 0 0 0 0 0 0 0 0 0 0 0 0 0 0 0 0 0 0 0 0 0 0 0 0 0 
0 0 0 0 0 0 0 0 0 0 0 0 0 0 0 0 0 0 0 0 0 0 0 0 0 0 0 0 0 0 0 0 0 0 0 0 0 0 0 0 0 0 0 0 0 0 0 0 0 
0 0 0 0 0 0 0 0 0 0 0 0 0 0 0 0 0 0 0 0 0 0 0 0 0 0 0 0 0 0 0 0 0 0 0 0 0 0 0 0 0 0 0 0 0 0 0 0 0 
0 0 0 0 0 0 0 0 0 0 0 0 0 0 0 0 0 0 0 0 0 0 0 0 0 0 0 0 0 0 0 0 0 0 0 0 0 0 0 0 0 0 0 0 0 0 0 0 0 
0 0 0 0 0 0 0 0 0 0 0 0 0 0 0 0 0 0 0 0 0 0 0 0 0 0 0 0 0 0 0 0 0 0 0 0 0 0 0 0 0 0 0 0 0 0 0 0 0 
0 0 0 0 0 0 0 0 0 0 0 0 0 0 0 0 0 0 0 0 0 0 0 0 0 0 0 0 0 0 0 0 0 0 0 0 0 0 0 0 0 0 0 0 0 0 0 0 0 
0 0 0 0 0 0 0 0 0 0 0 0 0 0 0 0 0 0 0 0 0 0 0 0 0 0 0 0 0 0 0 0 0 0 0 0 0 0 0 0 0 0 0 0 0 0 0 0 0 
0 0 0 0 0 0 0 0 0 0 0 0 0 0 0 0 0 0 0 0 0 0 0 0 0 0 0 0 0 0 0 0 0 0 0 0 0 0 0 0 0 0 0 0 0 0 0 0 0 
0 0 0 0 0 0 0 0 0 0 0 0 0 0 0 0 0 0 0 0 0 0 0 0 0 0 0 0 0 0 0 0 0 0 0 0 0 0 0 0 0 0 0 0 0 0 0 0 0 
0 0 0 0 0 0 0 0 0 0 0 0 0 0 0 0 0 0 0 0 0 0 0 0 0 0 0 0 0 0 0 0 0 0 0 0 0 0 0 0 0 0 0 0 0 0 0 0 0 
0 0 0 0 0 0 0 0 0 0 0 0 0 0 0 0 0 0 0 0 0 0 0 0 0 0 0 0 0 0 0 0 0 0 0 0 0 0 0 0 0 0 0 0 0 0 0 0 0 
0 0 0 0 0 0 0 0 0 0 0 0 0 0 0 0 0 0 0 0 0 0 0 0 0 0 0 0 0 0 0 0 0 0 0 0 0 0 0 0 0 0 0 0 0 0 0 0 0 
0 0 0 0 0 0 0 0 0 0 0 0 0 0 0 0 0 0 0 0 0 0 0 0 0 0 0 0 0 0 0 0 0 0 0 0 0 0 0 0 0 0 0 0 0 0 0 0 0 
0 0 0 0 0 0 0 0 0 0 0 0 0 0 0 0 0 0 0 0 0 0 0 0 0 0 0 0 0 0 0 0 0 0 0 0 0 0 0 0 0 0 0 0 0 0 0 0 0 
0 0 0 0 0 0 0 0 0 0 0 0 0 0 0 0 0 0 0 0 0 0 0 0 0 0 0 0 0 0 0 0 0 0 0 0 0 0 0 0 0 0 0 0 0 0 0 0 0 
0 0 0 0 0 0 0 0 0 0 0 0 0 0 0 0 0 0 0 0 0 0 0 0 0 0 0 0 0 0 0 0 0 0 0 0 0 0 0 0 0 0 0 0 0 0 0 0 0 
0 0 0 0 0 0 0 0 0 0 0 0 0 0 0 0 0 0 0 0 0 0 0 0 0 0 0 0 0 0 0 0 0 0 0 0 0 0 0 0 0 0 0 0 0 0 0 0 0 
0 0 0 0 0 0 0 0 0 0 0 0 0 0 0 0 0 0 0 0 0 0 0 0 0 0 0 0 0 0 0 0 0 0 0 0 0 0 0 0 0 0 0 0 0 0 0 0 0 
0 0 0 0 0 0 0 0 0 0 0 0 0 0 0 0 0 0 0 0 0 0 0 0 0 0 0 0 0 0 0 0 0 0 0 0 0 0 0 0 0 0 0 0 0 0 0 0 0 
0 0 0 0 0 0 0 0 0 0 0 0 0 0 0 0 0 0 0 0 0 0 0 0 0 0 0 0 0 0 0 0 0 0 0 0 0 0 0 0 0 0 0 0 0 0 0 0 0 
0 0 0 0 0 0 0 0 0 0 0 0 0 0 0 0 0 0 0 0 0 0 0 0 0 0 0 0 0 0 0 0 0 0 0 0 0 0 0 0 0 0 0 0 0 0 0 0 0 
0 0 0 0 0 0 0 0 0 0 0 0 0 0 0 0 0 0 0 0 0 0 0 0 0 0 0 0 0 0 0 0 0 0 0 0 0 0 0 0 0 0 0 0 0 0 0 0 0 
0 0 0 0 0 0 0 0 0 0 0 0 0 0 0 0 0 0 0 0 0 0 0 0 0 0 0 0 0 0 0 0 0 0 0 0 0 0 0 0 0 0 0 0 0 0 0 0 0 
0 0 0 0 0 0 0 0 0 0 0 0 0 0 0 0 0 0 0 0 0 0 0 0 0 0 0 0 0 0 0 0 0 0 0 0 0 0 0 0 0 0 0 0 0 0 0 0 0 
0 0 0 0 0 0 0 0 0 0 0 0 0 0 0 0 0 0 0 0 0 0 0 0 0 0 0 0 0 0 0 0 0 0 0 0 0 0 0 0 0 0 0 0 0 0 0 0 0 
0 0 0 0 0 0 0 0 0 0 0 0 0 0 0 0 0 0 0 0 0 0 0 0 0 0 0 0 0 0 0 0 0 0 0 0 0 0 0 0 0 0 0 0 0 0 0 0 0 
0 0 0 0 0 0 0 0 0 0 0 0 0 0 0 0 0 0 0 0 0 0 0 0 0 0 0 0 0 0 0 0 0 0 0 0 0 0 0 0 0 0 0 0 0 0 0 0 0 
0 0 0 0 0 0 0 0 0 0 0 0 0 0 0 0 0 0 0 0 0 0 0 0 0 0 0 0 0 0 0 0 0 0 0 0 0 0 0 0 0 0 0 0 0 0 0 0 0 
0 0 0 0 0 0 0 0 0 0 0 0 0 0 0 0 0 0 0 0 0 0 0 0 0 0 0 0 0 0 0 0 0 0 0 0 0 0 0 0 0 0 0 0 0 0 0 0 0 
0 0 0 0 0 0 0 0 0 0 0 0 0 0 0 0 0 0 0 0 0 0 0 0 0 0 0 0 0 0 0 0 0 0 0 0 0 0 0 0 0 0 0 0 0 0 0 0 0 
0 0 0 0 0 0 0 0 0 0 0 0 0 0 0 0 0 0 0 0 0 0 0 0 0 0 0 0 0 0 0 0 0 0 0 0 0 0 0 0 0 0 0 0 0 0 0 0 0 
0 0 0 0 0 0 0 0 0 0 0 0 0 0 0 0 0 0 0 0 0 0 0 0 0 0 0 0 0 0 0 0 0 0 0 0 0 0 0 0 0 0 0 0 0 0 0 0 0 
0 0 0 0 0 0 0 0 0 0 0 0 0 0 0 0 0 0 0 0 0 0 0 0 0 0 0 0 0 0 0 0 0 0 0 0 0 0 0 0 0 0 0 0 0 0 0 0 0 
0 0 0 0 0 0 0 0 0 0 0 0 0 0 0 0 0 0 0 0 0 0 0 0 0 0 0 0 0 0 0 0 0 0 0 0 0 0 0 0 0 0 0 0 0 0 0 0 0 
0 0 0 0 0 0 0 0 0 0 0 0 0 0 0 0 0 0 0 0 0 0 0 0 0 0 0 0 0 0 0 0 0 0 0 0 0 0 0 0 0 0 0 0 0 0 0 0 0 
0 0 0 0 0 0 0 0 0 0 0 0 0 0 0 0 0 0 0 0 0 0 0 0 0 0 0 0 0 0 0 0 0 0 0 0 0 0 0 0 0 0 0 0 0 0 0 0 0 
0 0 0 0 0 0 0 0 0 0 0 0 0 0 0 0 0 0 0 0 0 0 0 0 0 0 0 0 0 0 0 0 0 0 0 0 0 0 0 0 0 0 0 0 0 0 0 0 0 
0 0 0 0 0 0 0 0 0 0 0 0 0 0 0 0 0 0 0 0 0 0 0 0 0 0 0 0 0 0 0 0 0 0 0 0 0 0 0 0 0 0 0 0 0 0 0 0 0 
0 0 0 0 0 0 0 0 0 0 0 0 0 0 0 0 0 0 0 0 0 0 0 0 0 0 0 0 0 0 0 0 0 0 0 0 0 0 0 0 0 0 0 0 0 0 0 0 0 
0 0 0 0 0 0 0 0 0 0 0 0 0 0 0 0 0 0 0 0 0 0 0 0 0 0 0 0 0 0 0 0 0 0 0 0 0 0 0 0 0 0 0 0 0 0 0 0 0 
0 0 0 0 0 0 0 0 0 0 0 0 0 0 0 0 0 0 0 0 0 0 0 0 0 0 0 0 0 0 0 0 0 0 0 0 0 0 0 0 0 0 0 0 0 0 0 0 0 
0 0 0 0 0 0 0 0 0 0 0 0 0 0 0 0 0 0 0 0 0 0 0 0 0 0 0 0 0 0 0 0 0 0 0 0 0 0 0 0 0 0 0 0 0 0 0 0 0 
0 0 0 0 0 0 0 0 0 0 0 0 0 0 0 0 0 0 0 0 0 0 0 0 0 0 0 0 0 0 0 0 0 0 0 0 0 0 0 0 0 0 0 0 0 0 0 0 0 
0 0 0 0 0 0 0 0 0 0 0 0 0 0 0 0 0 0 0 0 0 0 0 0 0 0 0 0 0 0 0 0 0 0 0 0 0 0 0 0 0 0 0 0 0 0 0 0 0 
0 0 0 0 0 0 0 0 0 0 0 0 0 0 0 0 0 0 0 0 0 0 0 0 0 0 0 0 0 0 0 0 0 0 0 0 0 0 0 0 0 0 0 0 0 0 0 0 0 
0 0 0 0 0 0 0 0 0 0 0 0 0 0 0 0 0 0 0 0 0 0 0 0 0 0 0 0 0 0 0 0 0 0 0 0 0 0 0 0 0 0 0 0 0 0 0 0 0 
0 0 0 0 0 0 0 0 0 0 0 0 0 0 0 0 0 0 0 0 0 0 0 0 0 0 0 0 0 0 0 0 0 0 0 0 0 0 0 0 0 0 0 0 0 0 0 0 0 
0 0 0 0 0 0 0 0 0 0 0 0 0 0 0 0 0 0 0 0 0 0 0 0 0 0 0 0 0 0 0 0 0 0 0 0 0 0 0 0 0 0 0 0 0 0 0 0 0 
0 0 0 0 0 0 0 0 0 0 0 0 0 0 0 0 0 0 0 0 0 0 0 0 0 0 0 0 0 0 0 0 0 0 0 0 0 0 0 0 0 0 0 0 0 0 0 0 0 
0 0 0 0 0 0 0 0 0 0 0 0 0 0 0 0 0 0 0 0 0 0 0 0 0 0 0 0 0 0 0 0 0 0 0 0 0 0 0 0 0 0 0 0 0 0 0 0 0 
0 0 0 0 0 0 0 0 0 0 0 0 0 0 0 0 0 0 0 0 0 0 0 0 0 0 0 0 0 0 0 0 0 0 0 0 0 0 0 0 0 0 0 0 0 0 0 0 23 
0 0 0 0 0 0 0 0 0 0 0 0 0 0 0 0 0 0 0 0 0 0 0 0 0 0 0 0 0 0 0 0 0 0 0 0 0 0 0 0 0 0 0 0 0 0 0 23 118 
0 0 0 0 0 0 0 0 0 0 0 0 0 0 0 0 0 0 0 0 0 0 0 0 0 0 0 0 0 0 0 0 0 0 0 0 0 0 0 0 0 0 0 0 0 0 23 118 195 
0 0 0 0 0 0 0 0 0 0 0 0 0 0 0 0 0 0 0 0 0 0 0 0 0 0 0 0 0 0 0 0 0 0 0 0 0 0 0 0 0 0 0 0 0 23 118 195 254 
0 0 0 0 0 0 0 0 0 0 0 0 0 0 0 0 0 0 0 0 0 0 0 0 0 0 0 0 0 0 0 0 0 0 0 0 0 0 0 0 0 0 0 0 23 118 195 254 254 
0 0 0 0 0 0 0 0 0 0 0 0 0 0 0 0 0 0 0 0 0 0 0 0 0 0 0 0 0 0 0 0 0 0 0 0 0 0 0 0 0 0 0 23 118 195 254 254 97 
0 0 0 0 0 0 0 0 0 0 0 0 0 0 0 0 0 0 0 0 0 0 0 0 0 0 0 0 0 0 0 0 0 0 0 0 0 0 0 0 0 0 23 118 195 254 254 97 0 
0 0 0 0 0 0 0 0 0 0 0 0 0 0 0 0 0 0 0 0 0 0 0 0 0 0 0 0 0 0 0 0 0 0 0 0 0 0 0 0 0 0 118 195 254 254 97 0 0 
0 0 0 0 0 0 0 0 0 0 0 0 0 0 0 0 0 0 0 0 0 0 0 0 0 0 0 0 0 0 0 0 0 0 0 0 0 0 0 0 0 0 195 254 254 97 0 0 0 
0 0 0 0 0 0 0 0 0 0 0 0 0 0 0 0 0 0 0 0 0 0 0 0 0 0 0 0 0 0 0 0 0 0 0 0 0 0 0 0 0 0 254 254 97 0 0 0 0 
0 0 0 0 0 0 0 0 0 0 0 0 0 0 0 0 0 0 0 0 0 0 0 0 0 0 0 0 0 0 0 0 0 0 0 0 0 0 0 0 0 0 254 97 0 0 0 0 0 
0 0 0 0 0 0 0 0 0 0 0 0 0 0 0 0 0 0 0 0 0 0 0 0 0 0 0 0 0 0 0 0 0 0 0 0 0 0 0 0 0 0 97 0 0 0 0 0 0 
0 0 0 0 0 0 0 0 0 0 0 0 0 0 0 0 0 0 0 0 0 0 0 0 0 0 0 0 0 0 0 0 0 0 0 0 0 0 0 0 0 0 0 0 0 0 0 0 0 
0 0 0 0 0 0 0 0 0 0 0 0 0 0 0 0 0 0 0 0 0 0 0 0 0 0 0 0 0 0 0 0 0 0 0 0 0 0 0 0 0 0 0 0 0 0 0 0 0 
0 0 0 0 0 0 0 0 0 0 0 0 0 0 0 0 0 0 0 0 0 0 0 0 0 0 0 0 0 0 0 0 0 0 0 0 0 0 0 0 0 0 0 0 0 0 0 0 0 
0 0 0 0 0 0 0 0 0 0 0 0 0 0 0 0 0 0 0 0 0 0 0 0 0 0 0 0 0 0 0 0 0 0 0 0 0 0 0 0 0 0 0 0 0 0 0 0 0 
0 0 0 0 0 0 0 0 0 0 0 0 0 0 0 0 0 0 0 0 0 0 0 0 0 0 0 0 0 0 0 0 0 0 0 0 0 0 0 0 0 0 0 0 0 0 0 0 0 
0 0 0 0 0 0 0 0 0 0 0 0 0 0 0 0 0 0 0 0 0 0 0 0 0 0 0 0 0 0 0 0 0 0 0 0 0 0 0 0 0 0 0 0 0 0 0 0 0 
0 0 0 0 0 0 0 0 0 0 0 0 0 0 0 0 0 0 0 0 0 0 0 0 0 0 0 0 0 0 0 0 0 0 0 0 0 0 0 0 0 0 0 0 0 0 0 0 0 
0 0 0 0 0 0 0 0 0 0 0 0 0 0 0 0 0 0 0 0 0 0 0 0 0 0 0 0 0 0 0 0 0 0 0 0 0 0 0 0 0 0 0 0 0 0 0 0 0 
0 0 0 0 0 0 0 0 0 0 0 0 0 0 0 0 0 0 0 0 0 0 0 0 0 0 0 0 0 0 0 0 0 0 0 0 0 0 0 0 0 0 0 0 0 0 0 0 0 
0 0 0 0 0 0 0 0 0 0 0 0 0 0 0 0 0 0 0 0 0 0 0 0 0 0 0 0 0 0 0 0 0 0 0 0 0 0 0 0 0 0 0 0 0 0 0 0 0 
0 0 0 0 0 0 0 0 0 0 0 0 0 0 0 0 0 0 0 0 0 0 0 0 0 0 0 0 0 0 0 0 0 0 0 0 0 0 0 0 0 0 0 0 0 0 0 0 0 
0 0 0 0 0 0 0 0 0 0 0 0 0 0 0 0 0 0 0 0 0 0 0 0 0 0 0 0 0 0 0 0 0 0 0 0 0 0 0 0 0 0 0 0 0 0 0 0 0 
0 0 0 0 0 0 0 0 0 0 0 0 0 0 0 0 0 0 0 0 0 0 0 0 0 0 0 0 0 0 0 0 0 0 0 0 0 0 0 0 0 0 0 0 0 0 0 0 0 
0 0 0 0 0 0 0 0 0 0 0 0 0 0 0 0 0 0 0 0 0 0 0 0 0 0 0 0 0 0 0 0 0 0 0 0 0 0 0 0 0 0 0 0 0 0 0 0 0 
0 0 0 0 0 0 0 0 0 0 0 0 0 0 0 0 0 0 0 0 0 0 0 0 0 0 0 0 0 0 0 0 0 0 0 0 0 0 0 0 0 0 0 0 0 0 0 0 35 
0 0 0 0 0 0 0 0 0 0 0 0 0 0 0 0 0 0 0 0 0 0 0 0 0 0 0 0 0 0 0 0 0 0 0 0 0 0 0 0 0 0 0 0 0 0 0 35 97 
0 0 0 0 0 0 0 0 0 0 0 0 0 0 0 0 0 0 0 0 0 0 0 0 0 0 0 0 0 0 0 0 0 0 0 0 0 0 0 0 0 23 0 0 0 0 35 97 201 
0 0 0 0 0 0 0 0 0 0 0 0 0 0 0 0 0 0 0 0 0 0 0 0 0 0 0 0 0 0 0 0 0 0 0 0 0 0 0 0 23 118 0 0 0 35 97 201 253 
0 0 0 0 0 0 0 0 0 0 0 0 0 0 0 0 0 0 0 0 0 0 0 0 0 0 0 0 0 0 0 0 0 0 0 0 0 0 0 23 118 195 0 0 35 97 201 253 253 
0 0 0 0 0 0 0 0 0 0 0 0 0 0 0 0 0 0 0 0 0 0 0 0 0 0 0 0 0 0 0 0 0 0 0 0 0 0 23 118 195 254 0 35 97 201 253 253 253 
0 0 0 0 0 0 0 0 0 0 0 0 0 0 0 0 0 0 0 0 0 0 0 0 0 0 0 0 0 0 0 0 0 0 0 0 0 23 118 195 254 254 35 97 201 253 253 253 253 
0 0 0 0 0 0 0 0 0 0 0 0 0 0 0 0 0 0 0 0 0 0 0 0 0 0 0 0 0 0 0 0 0 0 0 0 23 118 195 254 254 97 97 201 253 253 253 253 247 
0 0 0 0 0 0 0 0 0 0 0 0 0 0 0 0 0 0 0 0 0 0 0 0 0 0 0 0 0 0 0 0 0 0 0 23 118 195 254 254 97 0 201 253 253 253 253 247 234 
0 0 0 0 0 0 0 0 0 0 0 0 0 0 0 0 0 0 0 0 0 0 0 0 0 0 0 0 0 0 0 0 0 0 0 118 195 254 254 97 0 0 253 253 253 253 247 234 211 
0 0 0 0 0 0 0 0 0 0 0 0 0 0 0 0 0 0 0 0 0 0 0 0 0 0 0 0 0 0 0 0 0 0 0 195 254 254 97 0 0 0 253 253 253 247 234 211 37 
0 0 0 0 0 0 0 0 0 0 0 0 0 0 0 0 0 0 0 0 0 0 0 0 0 0 0 0 0 0 0 0 0 0 0 254 254 97 0 0 0 0 253 253 247 234 211 37 0 
0 0 0 0 0 0 0 0 0 0 0 0 0 0 0 0 0 0 0 0 0 0 0 0 0 0 0 0 0 0 0 0 0 0 0 254 97 0 0 0 0 0 253 247 234 211 37 0 0 
0 0 0 0 0 0 0 0 0 0 0 0 0 0 0 0 0 0 0 0 0 0 0 0 0 0 0 0 0 0 0 0 0 0 0 97 0 0 0 0 0 0 247 234 211 37 0 0 0 
0 0 0 0 0 0 0 0 0 0 0 0 0 0 0 0 0 0 0 0 0 0 0 0 0 0 0 0 0 0 0 0 0 0 0 0 0 0 0 0 0 0 234 211 37 0 0 0 0 
0 0 0 0 0 0 0 0 0 0 0 0 0 0 0 0 0 0 0 0 0 0 0 0 0 0 0 0 0 0 0 0 0 0 0 0 0 0 0 0 0 0 211 37 0 0 0 0 0 
0 0 0 0 0 0 0 0 0 0 0 0 0 0 0 0 0 0 0 0 0 0 0 0 0 0 0 0 0 0 0 0 0 0 0 0 0 0 0 0 0 0 0 0 0 0 0 0 0 
0 0 0 0 0 0 0 0 0 0 0 0 0 0 0 0 0 0 0 0 0 0 0 0 0 0 0 0 0 0 0 0 0 0 0 0 0 0 0 0 0 0 0 0 0 0 0 0 0 
0 0 0 0 0 0 0 0 0 0 0 0 0 0 0 0 0 0 0 0 0 0 0 0 0 0 0 0 0 0 0 0 0 0 0 0 0 0 0 0 0 0 0 0 0 0 0 0 0 
0 0 0 0 0 0 0 0 0 0 0 0 0 0 0 0 0 0 0 0 0 0 0 0 0 0 0 0 0 0 0 0 0 0 0 0 0 0 0 0 0 0 0 0 0 0 0 0 0 
0 0 0 0 0 0 0 0 0 0 0 0 0 0 0 0 0 0 0 0 0 0 0 0 0 0 0 0 0 0 0 0 0 0 0 0 0 0 0 0 0 0 0 0 0 0 0 0 0 
0 0 0 0 0 0 0 0 0 0 0 0 0 0 0 0 0 0 0 0 0 0 0 0 0 0 0 0 0 0 0 0 0 0 0 0 0 0 0 0 0 0 0 0 0 0 0 0 0 
0 0 0 0 0 0 0 0 0 0 0 0 0 0 0 0 0 0 0 0 0 0 0 0 0 0 0 0 0 0 0 0 0 0 0 0 0 0 0 0 0 0 0 0 0 0 0 0 0 
0 0 0 0 0 0 0 0 0 0 0 0 0 0 0 0 0 0 0 0 0 0 0 0 0 0 0 0 0 0 0 0 0 0 0 0 0 0 0 0 0 0 0 0 0 0 0 0 0 
0 0 0 0 0 0 0 0 0 0 0 0 0 0 0 0 0 0 0 0 0 0 0 0 0 0 0 0 0 0 0 0 0 0 0 0 0 0 0 0 0 0 0 0 0 0 0 0 0 
0 0 0 0 0 0 0 0 0 0 0 0 0 0 0 0 0 0 0 0 0 0 0 0 0 0 0 0 0 0 0 0 0 0 0 0 0 0 0 0 0 0 0 0 0 0 0 0 0 
0 0 0 0 0 0 0 0 0 0 0 0 0 0 0 0 0 0 0 0 0 0 0 0 0 0 0 0 0 0 0 0 0 0 0 0 0 0 0 0 0 0 0 0 0 0 0 0 0 
0 0 0 0 0 0 0 0 0 0 0 0 0 0 0 0 0 0 0 0 0 0 0 0 0 0 0 0 0 0 0 0 0 0 0 0 0 0 0 0 0 0 0 0 0 0 0 0 33 
0 0 0 0 0 0 0 0 0 0 0 0 0 0 0 0 0 0 0 0 0 0 0 0 0 0 0 0 0 0 0 0 0 0 0 0 0 0 0 0 0 35 0 0 0 0 0 33 213 
0 0 0 0 0 0 0 0 0 0 0 0 0 0 0 0 0 0 0 0 0 0 0 0 0 0 0 0 0 0 0 0 0 0 0 0 0 0 0 0 35 97 0 0 0 0 33 213 253 
0 0 0 0 0 0 0 0 0 0 0 0 0 0 0 0 0 0 0 0 0 0 0 0 0 0 0 0 0 0 0 0 0 0 23 0 0 0 0 35 97 201 0 0 0 33 213 253 253 
0 0 0 0 0 0 0 0 0 0 0 0 0 0 0 0 0 0 0 0 0 0 0 0 0 0 0 0 0 0 0 0 0 23 118 0 0 0 35 97 201 253 0 0 33 213 253 253 253 
0 0 0 0 0 0 0 0 0 0 0 0 0 0 0 0 0 0 0 0 0 0 0 0 0 0 0 0 0 0 0 0 23 118 195 0 0 35 97 201 253 253 0 33 213 253 253 253 253 
0 0 0 0 0 0 0 0 0 0 0 0 0 0 0 0 0 0 0 0 0 0 0 0 0 0 0 0 0 0 0 23 118 195 254 0 35 97 201 253 253 253 33 213 253 253 253 253 253 
0 0 0 0 0 0 0 0 0 0 0 0 0 0 0 0 0 0 0 0 0 0 0 0 0 0 0 0 0 0 23 118 195 254 254 35 97 201 253 253 253 253 213 253 253 253 253 253 253 
0 0 0 0 0 0 0 0 0 0 0 0 0 0 0 0 0 0 0 0 0 0 0 0 0 0 0 0 0 23 118 195 254 254 97 97 201 253 253 253 253 247 253 253 253 253 253 253 253 
0 0 0 0 0 0 0 0 0 0 0 0 0 0 0 0 0 0 0 0 0 0 0 0 0 0 0 0 23 118 195 254 254 97 0 201 253 253 253 253 247 234 253 253 253 253 253 253 253 
0 0 0 0 0 0 0 0 0 0 0 0 0 0 0 0 0 0 0 0 0 0 0 0 0 0 0 0 118 195 254 254 97 0 0 253 253 253 253 247 234 211 253 253 253 253 253 253 253 
0 0 0 0 0 0 0 0 0 0 0 0 0 0 0 0 0 0 0 0 0 0 0 0 0 0 0 0 195 254 254 97 0 0 0 253 253 253 247 234 211 37 253 253 253 253 253 253 142 
0 0 0 0 0 0 0 0 0 0 0 0 0 0 0 0 0 0 0 0 0 0 0 0 0 0 0 0 254 254 97 0 0 0 0 253 253 247 234 211 37 0 253 253 253 253 253 142 76 
0 0 0 0 0 0 0 0 0 0 0 0 0 0 0 0 0 0 0 0 0 0 0 0 0 0 0 0 254 97 0 0 0 0 0 253 247 234 211 37 0 0 253 253 253 253 142 76 0 
0 0 0 0 0 0 0 0 0 0 0 0 0 0 0 0 0 0 0 0 0 0 0 0 0 0 0 0 97 0 0 0 0 0 0 247 234 211 37 0 0 0 253 253 253 142 76 0 0 
0 0 0 0 0 0 0 0 0 0 0 0 0 0 0 0 0 0 0 0 0 0 0 0 0 0 0 0 0 0 0 0 0 0 0 234 211 37 0 0 0 0 253 253 142 76 0 0 0 
0 0 0 0 0 0 0 0 0 0 0 0 0 0 0 0 0 0 0 0 0 0 0 0 0 0 0 0 0 0 0 0 0 0 0 211 37 0 0 0 0 0 253 142 76 0 0 0 0 
0 0 0 0 0 0 0 0 0 0 0 0 0 0 0 0 0 0 0 0 0 0 0 0 0 0 0 0 0 0 0 0 0 0 0 0 0 0 0 0 0 0 0 0 0 0 0 0 0 
0 0 0 0 0 0 0 0 0 0 0 0 0 0 0 0 0 0 0 0 0 0 0 0 0 0 0 0 0 0 0 0 0 0 0 0 0 0 0 0 0 0 0 0 0 0 0 0 0 
0 0 0 0 0 0 0 0 0 0 0 0 0 0 0 0 0 0 0 0 0 0 0 0 0 0 0 0 0 0 0 0 0 0 0 0 0 0 0 0 0 0 0 0 0 0 0 0 0 
0 0 0 0 0 0 0 0 0 0 0 0 0 0 0 0 0 0 0 0 0 0 0 0 0 0 0 0 0 0 0 0 0 0 0 0 0 0 0 0 0 0 0 0 0 0 0 0 0 
0 0 0 0 0 0 0 0 0 0 0 0 0 0 0 0 0 0 0 0 0 0 0 0 0 0 0 0 0 0 0 0 0 0 0 0 0 0 0 0 0 0 0 0 0 0 0 0 0 
0 0 0 0 0 0 0 0 0 0 0 0 0 0 0 0 0 0 0 0 0 0 0 0 0 0 0 0 0 0 0 0 0 0 0 0 0 0 0 0 0 0 0 0 0 0 0 0 0 
0 0 0 0 0 0 0 0 0 0 0 0 0 0 0 0 0 0 0 0 0 0 0 0 0 0 0 0 0 0 0 0 0 0 0 0 0 0 0 0 0 0 0 0 0 0 0 0 0 
0 0 0 0 0 0 0 0 0 0 0 0 0 0 0 0 0 0 0 0 0 0 0 0 0 0 0 0 0 0 0 0 0 0 0 0 0 0 0 0 0 0 0 0 0 0 0 0 0 
0 0 0 0 0 0 0 0 0 0 0 0 0 0 0 0 0 0 0 0 0 0 0 0 0 0 0 0 0 0 0 0 0 0 0 0 0 0 0 0 0 0 0 0 0 0 0 0 0 
0 0 0 0 0 0 0 0 0 0 0 0 0 0 0 0 0 0 0 0 0 0 0 0 0 0 0 0 0 0 0 0 0 0 0 0 0 0 0 0 0 0 0 0 0 0 0 0 33 
0 0 0 0 0 0 0 0 0 0 0 0 0 0 0 0 0 0 0 0 0 0 0 0 0 0 0 0 0 0 0 0 0 0 0 0 0 0 0 0 0 0 0 0 0 0 0 33 127 
0 0 0 0 0 0 0 0 0 0 0 0 0 0 0 0 0 0 0 0 0 0 0 0 0 0 0 0 0 0 0 0 0 0 0 0 0 0 0 0 0 33 0 0 0 0 33 127 219 
0 0 0 0 0 0 0 0 0 0 0 0 0 0 0 0 0 0 0 0 0 0 0 0 0 0 0 0 0 0 0 0 0 0 35 0 0 0 0 0 33 213 0 0 0 33 127 219 253 
0 0 0 0 0 0 0 0 0 0 0 0 0 0 0 0 0 0 0 0 0 0 0 0 0 0 0 0 0 0 0 0 0 35 97 0 0 0 0 33 213 253 0 0 33 127 219 253 253 
0 0 0 0 0 0 0 0 0 0 0 0 0 0 0 0 0 0 0 0 0 0 0 0 0 0 0 23 0 0 0 0 35 97 201 0 0 0 33 213 253 253 0 33 127 219 253 253 253 
0 0 0 0 0 0 0 0 0 0 0 0 0 0 0 0 0 0 0 0 0 0 0 0 0 0 23 118 0 0 0 35 97 201 253 0 0 33 213 253 253 253 33 127 219 253 253 253 253 
0 0 0 0 0 0 0 0 0 0 0 0 0 0 0 0 0 0 0 0 0 0 0 0 0 23 118 195 0 0 35 97 201 253 253 0 33 213 253 253 253 253 127 219 253 253 253 253 253 
0 0 0 0 0 0 0 0 0 0 0 0 0 0 0 0 0 0 0 0 0 0 0 0 23 118 195 254 0 35 97 201 253 253 253 33 213 253 253 253 253 253 219 253 253 253 253 253 159 
0 0 0 0 0 0 0 0 0 0 0 0 0 0 0 0 0 0 0 0 0 0 0 23 118 195 254 254 35 97 201 253 253 253 253 213 253 253 253 253 253 253 253 253 253 253 253 159 244 
0 0 0 0 0 0 0 0 0 0 0 0 0 0 0 0 0 0 0 0 0 0 23 118 195 254 254 97 97 201 253 253 253 253 247 253 253 253 253 253 253 253 253 253 253 253 159 244 253 
0 0 0 0 0 0 0 0 0 0 0 0 0 0 0 0 0 0 0 0 0 23 118 195 254 254 97 0 201 253 253 253 253 247 234 253 253 253 253 253 253 253 253 253 253 159 244 253 253 
0 0 0 0 0 0 0 0 0 0 0 0 0 0 0 0 0 0 0 0 0 118 195 254 254 97 0 0 253 253 253 253 247 234 211 253 253 253 253 253 253 253 253 253 159 244 253 253 253 
0 0 0 0 0 0 0 0 0 0 0 0 0 0 0 0 0 0 0 0 0 195 254 254 97 0 0 0 253 253 253 247 234 211 37 253 253 253 253 253 253 142 253 159 244 253 253 253 207 
0 0 0 0 0 0 0 0 0 0 0 0 0 0 0 0 0 0 0 0 0 254 254 97 0 0 0 0 253 253 247 234 211 37 0 253 253 253 253 253 142 76 159 244 253 253 253 207 61 
0 0 0 0 0 0 0 0 0 0 0 0 0 0 0 0 0 0 0 0 0 254 97 0 0 0 0 0 253 247 234 211 37 0 0 253 253 253 253 142 76 0 244 253 253 253 207 61 0 
0 0 0 0 0 0 0 0 0 0 0 0 0 0 0 0 0 0 0 0 0 97 0 0 0 0 0 0 247 234 211 37 0 0 0 253 253 253 142 76 0 0 253 253 253 207 61 0 0 
0 0 0 0 0 0 0 0 0 0 0 0 0 0 0 0 0 0 0 0 0 0 0 0 0 0 0 0 234 211 37 0 0 0 0 253 253 142 76 0 0 0 253 253 207 61 0 0 0 
0 0 0 0 0 0 0 0 0 0 0 0 0 0 0 0 0 0 0 0 0 0 0 0 0 0 0 0 211 37 0 0 0 0 0 253 142 76 0 0 0 0 253 207 61 0 0 0 0 
0 0 0 0 0 0 0 0 0 0 0 0 0 0 0 0 0 0 0 0 0 0 0 0 0 0 0 0 0 0 0 0 0 0 0 0 0 0 0 0 0 0 0 0 0 0 0 0 0 
0 0 0 0 0 0 0 0 0 0 0 0 0 0 0 0 0 0 0 0 0 0 0 0 0 0 0 0 0 0 0 0 0 0 0 0 0 0 0 0 0 0 0 0 0 0 0 0 0 
0 0 0 0 0 0 0 0 0 0 0 0 0 0 0 0 0 0 0 0 0 0 0 0 0 0 0 0 0 0 0 0 0 0 0 0 0 0 0 0 0 0 0 0 0 0 0 0 0 
0 0 0 0 0 0 0 0 0 0 0 0 0 0 0 0 0 0 0 0 0 0 0 0 0 0 0 0 0 0 0 0 0 0 0 0 0 0 0 0 0 0 0 0 0 0 0 0 0 
0 0 0 0 0 0 0 0 0 0 0 0 0 0 0 0 0 0 0 0 0 0 0 0 0 0 0 0 0 0 0 0 0 0 0 0 0 0 0 0 0 0 0 0 0 0 0 0 0 
0 0 0 0 0 0 0 0 0 0 0 0 0 0 0 0 0 0 0 0 0 0 0 0 0 0 0 0 0 0 0 0 0 0 0 0 0 0 0 0 0 0 0 0 0 0 0 0 0 
0 0 0 0 0 0 0 0 0 0 0 0 0 0 0 0 0 0 0 0 0 0 0 0 0 0 0 0 0 0 0 0 0 0 0 0 0 0 0 0 0 0 0 0 0 0 0 0 0 
0 0 0 0 0 0 0 0 0 0 0 0 0 0 0 0 0 0 0 0 0 0 0 0 0 0 0 0 0 0 0 0 0 0 0 0 0 0 0 0 0 0 0 0 0 0 0 0 0 
0 0 0 0 0 0 0 0 0 0 0 0 0 0 0 0 0 0 0 0 0 0 0 0 0 0 0 0 0 0 0 0 0 0 0 0 0 0 0 0 0 0 0 0 0 0 0 0 5 
0 0 0 0 0 0 0 0 0 0 0 0 0 0 0 0 0 0 0 0 0 0 0 0 0 0 0 0 0 0 0 0 0 0 0 0 0 0 0 0 0 33 0 0 0 0 0 5 165 
0 0 0 0 0 0 0 0 0 0 0 0 0 0 0 0 0 0 0 0 0 0 0 0 0 0 0 0 0 0 0 0 0 0 0 0 0 0 0 0 33 127 0 0 0 0 5 165 253 
0 0 0 0 0 0 0 0 0 0 0 0 0 0 0 0 0 0 0 0 0 0 0 0 0 0 0 0 0 0 0 0 0 0 33 0 0 0 0 33 127 219 0 0 0 5 165 253 253 
0 0 0 0 0 0 0 0 0 0 0 0 0 0 0 0 0 0 0 0 0 0 0 0 0 0 0 35 0 0 0 0 0 33 213 0 0 0 33 127 219 253 0 0 5 165 253 253 253 
0 0 0 0 0 0 0 0 0 0 0 0 0 0 0 0 0 0 0 0 0 0 0 0 0 0 35 97 0 0 0 0 33 213 253 0 0 33 127 219 253 253 0 5 165 253 253 253 253 
0 0 0 0 0 0 0 0 0 0 0 0 0 0 0 0 0 0 0 0 23 0 0 0 0 35 97 201 0 0 0 33 213 253 253 0 33 127 219 253 253 253 5 165 253 253 253 253 228 
0 0 0 0 0 0 0 0 0 0 0 0 0 0 0 0 0 0 0 23 118 0 0 0 35 97 201 253 0 0 33 213 253 253 253 33 127 219 253 253 253 253 165 253 253 253 253 228 129 
0 0 0 0 0 0 0 0 0 0 0 0 0 0 0 0 0 0 23 118 195 0 0 35 97 201 253 253 0 33 213 253 253 253 253 127 219 253 253 253 253 253 253 253 253 253 228 129 87 
0 0 0 0 0 0 0 0 0 0 0 0 0 0 0 0 0 23 118 195 254 0 35 97 201 253 253 253 33 213 253 253 253 253 253 219 253 253 253 253 253 159 253 253 253 228 129 87 213 
0 0 0 0 0 0 0 0 0 0 0 0 0 0 0 0 23 118 195 254 254 35 97 201 253 253 253 253 213 253 253 253 253 253 253 253 253 253 253 253 159 244 253 253 228 129 87 213 249 
0 0 0 0 0 0 0 0 0 0 0 0 0 0 0 23 118 195 254 254 97 97 201 253 253 253 253 247 253 253 253 253 253 253 253 253 253 253 253 159 244 253 253 228 129 87 213 249 253 
0 0 0 0 0 0 0 0 0 0 0 0 0 0 23 118 195 254 254 97 0 201 253 253 253 253 247 234 253 253 253 253 253 253 253 253 253 253 159 244 253 253 228 129 87 213 249 253 253 
0 0 0 0 0 0 0 0 0 0 0 0 0 0 118 195 254 254 97 0 0 253 253 253 253 247 234 211 253 253 253 253 253 253 253 253 253 159 244 253 253 253 129 87 213 249 253 253 225 
0 0 0 0 0 0 0 0 0 0 0 0 0 0 195 254 254 97 0 0 0 253 253 253 247 234 211 37 253 253 253 253 253 253 142 253 159 244 253 253 253 207 87 213 249 253 253 225 31 
0 0 0 0 0 0 0 0 0 0 0 0 0 0 254 254 97 0 0 0 0 253 253 247 234 211 37 0 253 253 253 253 253 142 76 159 244 253 253 253 207 61 213 249 253 253 225 31 0 
0 0 0 0 0 0 0 0 0 0 0 0 0 0 254 97 0 0 0 0 0 253 247 234 211 37 0 0 253 253 253 253 142 76 0 244 253 253 253 207 61 0 249 253 253 225 31 0 0 
0 0 0 0 0 0 0 0 0 0 0 0 0 0 97 0 0 0 0 0 0 247 234 211 37 0 0 0 253 253 253 142 76 0 0 253 253 253 207 61 0 0 253 253 225 31 0 0 0 
0 0 0 0 0 0 0 0 0 0 0 0 0 0 0 0 0 0 0 0 0 234 211 37 0 0 0 0 253 253 142 76 0 0 0 253 253 207 61 0 0 0 253 225 31 0 0 0 0 
0 0 0 0 0 0 0 0 0 0 0 0 0 0 0 0 0 0 0 0 0 211 37 0 0 0 0 0 253 142 76 0 0 0 0 253 207 61 0 0 0 0 225 31 0 0 0 0 0 
0 0 0 0 0 0 0 0 0 0 0 0 0 0 0 0 0 0 0 0 0 0 0 0 0 0 0 0 0 0 0 0 0 0 0 0 0 0 0 0 0 0 0 0 0 0 0 0 0 
0 0 0 0 0 0 0 0 0 0 0 0 0 0 0 0 0 0 0 0 0 0 0 0 0 0 0 0 0 0 0 0 0 0 0 0 0 0 0 0 0 0 0 0 0 0 0 0 0 
0 0 0 0 0 0 0 0 0 0 0 0 0 0 0 0 0 0 0 0 0 0 0 0 0 0 0 0 0 0 0 0 0 0 0 0 0 0 0 0 0 0 0 0 0 0 0 0 0 
0 0 0 0 0 0 0 0 0 0 0 0 0 0 0 0 0 0 0 0 0 0 0 0 0 0 0 0 0 0 0 0 0 0 0 0 0 0 0 0 0 0 0 0 0 0 0 0 0 
0 0 0 0 0 0 0 0 0 0 0 0 0 0 0 0 0 0 0 0 0 0 0 0 0 0 0 0 0 0 0 0 0 0 0 0 0 0 0 0 0 0 0 0 0 0 0 0 0 
0 0 0 0 0 0 0 0 0 0 0 0 0 0 0 0 0 0 0 0 0 0 0 0 0 0 0 0 0 0 0 0 0 0 0 0 0 0 0 0 0 0 0 0 0 0 0 0 0 
0 0 0 0 0 0 0 0 0 0 0 0 0 0 0 0 0 0 0 0 0 0 0 0 0 0 0 0 0 0 0 0 0 0 0 0 0 0 0 0 0 0 0 0 0 0 0 0 12 
0 0 0 0 0 0 0 0 0 0 0 0 0 0 0 0 0 0 0 0 0 0 0 0 0 0 0 0 0 0 0 0 0 0 0 0 0 0 0 0 0 0 0 0 0 0 0 12 44 
0 0 0 0 0 0 0 0 0 0 0 0 0 0 0 0 0 0 0 0 0 0 0 0 0 0 0 0 0 0 0 0 0 0 0 0 0 0 0 0 0 5 0 0 0 0 12 44 165 
0 0 0 0 0 0 0 0 0 0 0 0 0 0 0 0 0 0 0 0 0 0 0 0 0 0 0 0 0 0 0 0 0 0 33 0 0 0 0 0 5 165 0 0 0 12 44 165 253 
0 0 0 0 0 0 0 0 0 0 0 0 0 0 0 0 0 0 0 0 0 0 0 0 0 0 0 0 0 0 0 0 0 33 127 0 0 0 0 5 165 253 0 0 12 44 165 253 253 
0 0 0 0 0 0 0 0 0 0 0 0 0 0 0 0 0 0 0 0 0 0 0 0 0 0 0 33 0 0 0 0 33 127 219 0 0 0 5 165 253 253 0 12 44 165 253 253 253 
0 0 0 0 0 0 0 0 0 0 0 0 0 0 0 0 0 0 0 0 35 0 0 0 0 0 33 213 0 0 0 33 127 219 253 0 0 5 165 253 253 253 12 44 165 253 253 253 241 
0 0 0 0 0 0 0 0 0 0 0 0 0 0 0 0 0 0 0 35 97 0 0 0 0 33 213 253 0 0 33 127 219 253 253 0 5 165 253 253 253 253 44 165 253 253 253 241 206 
0 0 0 0 0 0 0 0 0 0 0 0 0 23 0 0 0 0 35 97 201 0 0 0 33 213 253 253 0 33 127 219 253 253 253 5 165 253 253 253 253 228 165 253 253 253 241 206 41 
0 0 0 0 0 0 0 0 0 0 0 0 23 118 0 0 0 35 97 201 253 0 0 33 213 253 253 253 33 127 219 253 253 253 253 165 253 253 253 253 228 129 253 253 253 241 206 41 29 
0 0 0 0 0 0 0 0 0 0 0 23 118 195 0 0 35 97 201 253 253 0 33 213 253 253 253 253 127 219 253 253 253 253 253 253 253 253 253 228 129 87 253 253 241 206 41 29 154 
0 0 0 0 0 0 0 0 0 0 23 118 195 254 0 35 97 201 253 253 253 33 213 253 253 253 253 253 219 253 253 253 253 253 159 253 253 253 228 129 87 213 253 241 206 41 29 154 253 
0 0 0 0 0 0 0 0 0 23 118 195 254 254 35 97 201 253 253 253 253 213 253 253 253 253 253 253 253 253 253 253 253 159 244 253 253 228 129 87 213 249 241 206 41 29 154 253 253 
0 0 0 0 0 0 0 0 23 118 195 254 254 97 97 201 253 253 253 253 247 253 253 253 253 253 253 253 253 253 253 253 159 244 253 253 228 129 87 213 249 253 206 41 29 154 253 253 253 
0 0 0 0 0 0 0 23 118 195 254 254 97 0 201 253 253 253 253 247 234 253 253 253 253 253 253 253 253 253 253 159 244 253 253 228 129 87 213 249 253 253 41 29 154 253 253 253 253 
0 0 0 0 0 0 0 118 195 254 254 97 0 0 253 253 253 253 247 234 211 253 253 253 253 253 253 253 253 253 159 244 253 253 253 129 87 213 249 253 253 225 29 154 253 253 253 253 234 
0 0 0 0 0 0 0 195 254 254 97 0 0 0 253 253 253 247 234 211 37 253 253 253 253 253 253 142 253 159 244 253 253 253 207 87 213 249 253 253 225 31 154 253 253 253 253 234 52 
0 0 0 0 0 0 0 254 254 97 0 0 0 0 253 253 247 234 211 37 0 253 253 253 253 253 142 76 159 244 253 253 253 207 61 213 249 253 253 225 31 0 253 253 253 253 234 52 0 
0 0 0 0 0 0 0 254 97 0 0 0 0 0 253 247 234 211 37 0 0 253 253 253 253 142 76 0 244 253 253 253 207 61 0 249 253 253 225 31 0 0 253 253 253 234 52 0 0 
0 0 0 0 0 0 0 97 0 0 0 0 0 0 247 234 211 37 0 0 0 253 253 253 142 76 0 0 253 253 253 207 61 0 0 253 253 225 31 0 0 0 253 253 234 52 0 0 0 
0 0 0 0 0 0 0 0 0 0 0 0 0 0 234 211 37 0 0 0 0 253 253 142 76 0 0 0 253 253 207 61 0 0 0 253 225 31 0 0 0 0 253 234 52 0 0 0 0 
0 0 0 0 0 0 0 0 0 0 0 0 0 0 211 37 0 0 0 0 0 253 142 76 0 0 0 0 253 207 61 0 0 0 0 225 31 0 0 0 0 0 234 52 0 0 0 0 0 
0 0 0 0 0 0 0 0 0 0 0 0 0 0 0 0 0 0 0 0 0 0 0 0 0 0 0 0 0 0 0 0 0 0 0 0 0 0 0 0 0 0 0 0 0 0 0 0 0 
0 0 0 0 0 0 0 0 0 0 0 0 0 0 0 0 0 0 0 0 0 0 0 0 0 0 0 0 0 0 0 0 0 0 0 0 0 0 0 0 0 0 0 0 0 0 0 0 0 
0 0 0 0 0 0 0 0 0 0 0 0 0 0 0 0 0 0 0 0 0 0 0 0 0 0 0 0 0 0 0 0 0 0 0 0 0 0 0 0 0 0 0 0 0 0 0 0 0 
0 0 0 0 0 0 0 0 0 0 0 0 0 0 0 0 0 0 0 0 0 0 0 0 0 0 0 0 0 0 0 0 0 0 0 0 0 0 0 0 0 0 0 0 0 0 0 0 0 
0 0 0 0 0 0 0 0 0 0 0 0 0 0 0 0 0 0 0 0 0 0 0 0 0 0 0 0 0 0 0 0 0 0 0 0 0 0 0 0 0 0 0 0 0 0 0 0 0 
0 0 0 0 0 0 0 0 0 0 0 0 0 0 0 0 0 0 0 0 0 0 0 0 0 0 0 0 0 0 0 0 0 0 0 0 0 0 0 0 0 0 0 0 0 0 0 0 50 
0 0 0 0 0 0 0 0 0 0 0 0 0 0 0 0 0 0 0 0 0 0 0 0 0 0 0 0 0 0 0 0 0 0 0 0 0 0 0 0 0 12 0 0 0 0 0 50 234 
0 0 0 0 0 0 0 0 0 0 0 0 0 0 0 0 0 0 0 0 0 0 0 0 0 0 0 0 0 0 0 0 0 0 0 0 0 0 0 0 12 44 0 0 0 0 50 234 253 
0 0 0 0 0 0 0 0 0 0 0 0 0 0 0 0 0 0 0 0 0 0 0 0 0 0 0 0 0 0 0 0 0 0 5 0 0 0 0 12 44 165 0 0 0 50 234 253 253 
0 0 0 0 0 0 0 0 0 0 0 0 0 0 0 0 0 0 0 0 0 0 0 0 0 0 0 33 0 0 0 0 0 5 165 0 0 0 12 44 165 253 0 0 50 234 253 253 253 
0 0 0 0 0 0 0 0 0 0 0 0 0 0 0 0 0 0 0 0 0 0 0 0 0 0 33 127 0 0 0 0 5 165 253 0 0 12 44 165 253 253 0 50 234 253 253 253 186 
0 0 0 0 0 0 0 0 0 0 0 0 0 0 0 0 0 0 0 0 33 0 0 0 0 33 127 219 0 0 0 5 165 253 253 0 12 44 165 253 253 253 50 234 253 253 253 186 123 
0 0 0 0 0 0 0 0 0 0 0 0 0 35 0 0 0 0 0 33 213 0 0 0 33 127 219 253 0 0 5 165 253 253 253 12 44 165 253 253 253 241 234 253 253 253 186 123 13 
0 0 0 0 0 0 0 0 0 0 0 0 35 97 0 0 0 0 33 213 253 0 0 33 127 219 253 253 0 5 165 253 253 253 253 44 165 253 253 253 241 206 253 253 253 186 123 13 69 
0 0 0 0 0 0 23 0 0 0 0 35 97 201 0 0 0 33 213 253 253 0 33 127 219 253 253 253 5 165 253 253 253 253 228 165 253 253 253 241 206 41 253 253 186 123 13 69 253 
0 0 0 0 0 23 118 0 0 0 35 97 201 253 0 0 33 213 253 253 253 33 127 219 253 253 253 253 165 253 253 253 253 228 129 253 253 253 241 206 41 29 253 186 123 13 69 253 253 
0 0 0 0 23 118 195 0 0 35 97 201 253 253 0 33 213 253 253 253 253 127 219 253 253 253 253 253 253 253 253 253 228 129 87 253 253 241 206 41 29 154 186 123 13 69 253 253 253 
0 0 0 23 118 195 254 0 35 97 201 253 253 253 33 213 253 253 253 253 253 219 253 253 253 253 253 159 253 253 253 228 129 87 213 253 241 206 41 29 154 253 123 13 69 253 253 253 253 
0 0 23 118 195 254 254 35 97 201 253 253 253 253 213 253 253 253 253 253 253 253 253 253 253 253 159 244 253 253 228 129 87 213 249 241 206 41 29 154 253 253 13 69 253 253 253 253 253 
0 23 118 195 254 254 97 97 201 253 253 253 253 247 253 253 253 253 253 253 253 253 253 253 253 159 244 253 253 228 129 87 213 249 253 206 41 29 154 253 253 253 69 253 253 253 253 253 182 
23 118 195 254 254 97 0 201 253 253 253 253 247 234 253 253 253 253 253 253 253 253 253 253 159 244 253 253 228 129 87 213 249 253 253 41 29 154 253 253 253 253 253 253 253 253 253 182 253 
118 195 254 254 97 0 0 253 253 253 253 247 234 211 253 253 253 253 253 253 253 253 253 159 244 253 253 253 129 87 213 249 253 253 225 29 154 253 253 253 253 234 253 253 253 253 182 253 141 
195 254 254 97 0 0 0 253 253 253 247 234 211 37 253 253 253 253 253 253 142 253 159 244 253 253 253 207 87 213 249 253 253 225 31 154 253 253 253 253 234 52 253 253 253 182 253 141 0 
254 254 97 0 0 0 0 253 253 247 234 211 37 0 253 253 253 253 253 142 76 159 244 253 253 253 207 61 213 249 253 253 225 31 0 253 253 253 253 234 52 0 253 253 182 253 141 0 0 
254 97 0 0 0 0 0 253 247 234 211 37 0 0 253 253 253 253 142 76 0 244 253 253 253 207 61 0 249 253 253 225 31 0 0 253 253 253 234 52 0 0 253 182 253 141 0 0 0 
97 0 0 0 0 0 0 247 234 211 37 0 0 0 253 253 253 142 76 0 0 253 253 253 207 61 0 0 253 253 225 31 0 0 0 253 253 234 52 0 0 0 182 253 141 0 0 0 0 
0 0 0 0 0 0 0 234 211 37 0 0 0 0 253 253 142 76 0 0 0 253 253 207 61 0 0 0 253 225 31 0 0 0 0 253 234 52 0 0 0 0 253 141 0 0 0 0 0 
0 0 0 0 0 0 0 211 37 0 0 0 0 0 253 142 76 0 0 0 0 253 207 61 0 0 0 0 225 31 0 0 0 0 0 234 52 0 0 0 0 0 141 0 0 0 0 0 0 
0 0 0 0 0 0 0 0 0 0 0 0 0 0 0 0 0 0 0 0 0 0 0 0 0 0 0 0 0 0 0 0 0 0 0 0 0 0 0 0 0 0 0 0 0 0 0 0 0 
0 0 0 0 0 0 0 0 0 0 0 0 0 0 0 0 0 0 0 0 0 0 0 0 0 0 0 0 0 0 0 0 0 0 0 0 0 0 0 0 0 0 0 0 0 0 0 0 0 
0 0 0 0 0 0 0 0 0 0 0 0 0 0 0 0 0 0 0 0 0 0 0 0 0 0 0 0 0 0 0 0 0 0 0 0 0 0 0 0 0 0 0 0 0 0 0 0 0 
0 0 0 0 0 0 0 0 0 0 0 0 0 0 0 0 0 0 0 0 0 0 0 0 0 0 0 0 0 0 0 0 0 0 0 0 0 0 0 0 0 0 0 0 0 0 0 0 0 
0 0 0 0 0 0 0 0 0 0 0 0 0 0 0 0 0 0 0 0 0 0 0 0 0 0 0 0 0 0 0 0 0 0 0 0 0 0 0 0 0 0 0 0 0 0 0 0 0 
0 0 0 0 0 0 0 0 0 0 0 0 0 0 0 0 0 0 0 0 0 0 0 0 0 0 0 0 0 0 0 0 0 0 0 0 0 0 0 0 0 50 0 0 0 0 0 0 97 
0 0 0 0 0 0 0 0 0 0 0 0 0 0 0 0 0 0 0 0 0 0 0 0 0 0 0 0 0 0 0 0 0 0 12 0 0 0 0 0 50 234 0 0 0 0 0 97 253 
0 0 0 0 0 0 0 0 0 0 0 0 0 0 0 0 0 0 0 0 0 0 0 0 0 0 0 0 0 0 0 0 0 12 44 0 0 0 0 50 234 253 0 0 0 0 97 253 253 
0 0 0 0 0 0 0 0 0 0 0 0 0 0 0 0 0 0 0 0 0 0 0 0 0 0 0 5 0 0 0 0 12 44 165 0 0 0 50 234 253 253 0 0 0 97 253 253 253 
0 0 0 0 0 0 0 0 0 0 0 0 0 0 0 0 0 0 0 0 33 0 0 0 0 0 5 165 0 0 0 12 44 165 253 0 0 50 234 253 253 253 0 0 97 253 253 253 253 
0 0 0 0 0 0 0 0 0 0 0 0 0 0 0 0 0 0 0 33 127 0 0 0 0 5 165 253 0 0 12 44 165 253 253 0 50 234 253 253 253 186 0 97 253 253 253 253 179 
0 0 0 0 0 0 0 0 0 0 0 0 0 33 0 0 0 0 33 127 219 0 0 0 5 165 253 253 0 12 44 165 253 253 253 50 234 253 253 253 186 123 97 253 253 253 253 179 185 
0 0 0 0 0 0 35 0 0 0 0 0 33 213 0 0 0 33 127 219 253 0 0 5 165 253 253 253 12 44 165 253 253 253 241 234 253 253 253 186 123 13 253 253 253 253 179 185 233 
0 0 0 0 0 35 97 0 0 0 0 33 213 253 0 0 33 127 219 253 253 0 5 165 253 253 253 253 44 165 253 253 253 241 206 253 253 253 186 123 13 69 253 253 253 179 185 233 249 
0 0 0 0 35 97 201 0 0 0 33 213 253 253 0 33 127 219 253 253 253 5 165 253 253 253 253 228 165 253 253 253 241 206 41 253 253 186 123 13 69 253 253 253 179 185 233 249 253 
0 0 0 35 97 201 253 0 0 33 213 253 253 253 33 127 219 253 253 253 253 165 253 253 253 253 228 129 253 253 253 241 206 41 29 253 186 123 13 69 253 253 253 179 185 233 249 253 253 
0 0 35 97 201 253 253 0 33 213 253 253 253 253 127 219 253 253 253 253 253 253 253 253 253 228 129 87 253 253 241 206 41 29 154 186 123 13 69 253 253 253 179 185 233 249 253 253 253 
0 35 97 201 253 253 253 33 213 253 253 253 253 253 219 253 253 253 253 253 159 253 253 253 228 129 87 213 253 241 206 41 29 154 253 123 13 69 253 253 253 253 185 233 249 253 253 253 253 
35 97 201 253 253 253 253 213 253 253 253 253 253 253 253 253 253 253 253 159 244 253 253 228 129 87 213 249 241 206 41 29 154 253 253 13 69 253 253 253 253 253 233 249 253 253 253 253 93 
97 201 253 253 253 253 247 253 253 253 253 253 253 253 253 253 253 253 159 244 253 253 228 129 87 213 249 253 206 41 29 154 253 253 253 69 253 253 253 253 253 182 249 253 253 253 253 93 3 
201 253 253 253 253 247 234 253 253 253 253 253 253 253 253 253 253 159 244 253 253 228 129 87 213 249 253 253 41 29 154 253 253 253 253 253 253 253 253 253 182 253 253 253 253 253 93 3 6 
253 253 253 253 247 234 211 253 253 253 253 253 253 253 253 253 159 244 253 253 253 129 87 213 249 253 253 225 29 154 253 253 253 253 234 253 253 253 253 182 253 141 253 253 253 93 3 6 2 
253 253 253 247 234 211 37 253 253 253 253 253 253 142 253 159 244 253 253 253 207 87 213 249 253 253 225 31 154 253 253 253 253 234 52 253 253 253 182 253 141 0 253 253 93 3 6 2 0 
253 253 247 234 211 37 0 253 253 253 253 253 142 76 159 244 253 253 253 207 61 213 249 253 253 225 31 0 253 253 253 253 234 52 0 253 253 182 253 141 0 0 253 93 3 6 2 0 0 
253 247 234 211 37 0 0 253 253 253 253 142 76 0 244 253 253 253 207 61 0 249 253 253 225 31 0 0 253 253 253 234 52 0 0 253 182 253 141 0 0 0 93 3 6 2 0 0 0 
247 234 211 37 0 0 0 253 253 253 142 76 0 0 253 253 253 207 61 0 0 253 253 225 31 0 0 0 253 253 234 52 0 0 0 182 253 141 0 0 0 0 3 6 2 0 0 0 0 
234 211 37 0 0 0 0 253 253 142 76 0 0 0 253 253 207 61 0 0 0 253 225 31 0 0 0 0 253 234 52 0 0 0 0 253 141 0 0 0 0 0 6 2 0 0 0 0 0 
211 37 0 0 0 0 0 253 142 76 0 0 0 0 253 207 61 0 0 0 0 225 31 0 0 0 0 0 234 52 0 0 0 0 0 141 0 0 0 0 0 0 2 0 0 0 0 0 0 
0 0 0 0 0 0 0 0 0 0 0 0 0 0 0 0 0 0 0 0 0 0 0 0 0 0 0 0 0 0 0 0 0 0 0 0 0 0 0 0 0 0 0 0 0 0 0 0 0 
0 0 0 0 0 0 0 0 0 0 0 0 0 0 0 0 0 0 0 0 0 0 0 0 0 0 0 0 0 0 0 0 0 0 0 0 0 0 0 0 0 0 0 0 0 0 0 0 0 
0 0 0 0 0 0 0 0 0 0 0 0 0 0 0 0 0 0 0 0 0 0 0 0 0 0 0 0 0 0 0 0 0 0 0 0 0 0 0 0 0 0 0 0 0 0 0 0 0 
0 0 0 0 0 0 0 0 0 0 0 0 0 0 0 0 0 0 0 0 0 0 0 0 0 0 0 0 0 0 0 0 0 0 0 0 0 0 0 0 0 0 0 0 0 0 0 0 0 
0 0 0 0 0 0 0 0 0 0 0 0 0 0 0 0 0 0 0 0 0 0 0 0 0 0 0 0 0 0 0 0 0 0 0 0 0 0 0 0 0 0 0 0 0 0 0 0 0 
0 0 0 0 0 0 0 0 0 0 0 0 0 0 0 0 0 0 0 0 0 0 0 0 0 0 0 0 0 0 0 0 0 0 50 0 0 0 0 0 0 97 0 0 0 0 0 0 220 
0 0 0 0 0 0 0 0 0 0 0 0 0 0 0 0 0 0 0 0 0 0 0 0 0 0 0 12 0 0 0 0 0 50 234 0 0 0 0 0 97 253 0 0 0 0 0 220 253 
0 0 0 0 0 0 0 0 0 0 0 0 0 0 0 0 0 0 0 0 0 0 0 0 0 0 12 44 0 0 0 0 50 234 253 0 0 0 0 97 253 253 0 0 0 0 220 253 253 
0 0 0 0 0 0 0 0 0 0 0 0 0 0 0 0 0 0 0 0 5 0 0 0 0 12 44 165 0 0 0 50 234 253 253 0 0 0 97 253 253 253 0 0 0 220 253 253 253 
0 0 0 0 0 0 0 0 0 0 0 0 0 33 0 0 0 0 0 5 165 0 0 0 12 44 165 253 0 0 50 234 253 253 253 0 0 97 253 253 253 253 0 0 220 253 253 253 253 
0 0 0 0 0 0 0 0 0 0 0 0 33 127 0 0 0 0 5 165 253 0 0 12 44 165 253 253 0 50 234 253 253 253 186 0 97 253 253 253 253 179 0 220 253 253 253 253 253 
0 0 0 0 0 0 33 0 0 0 0 33 127 219 0 0 0 5 165 253 253 0 12 44 165 253 253 253 50 234 253 253 253 186 123 97 253 253 253 253 179 185 220 253 253 253 253 253 253 
0 0 0 0 0 33 213 0 0 0 33 127 219 253 0 0 5 165 253 253 253 12 44 165 253 253 253 241 234 253 253 253 186 123 13 253 253 253 253 179 185 233 253 253 253 253 253 253 253 
0 0 0 0 33 213 253 0 0 33 127 219 253 253 0 5 165 253 253 253 253 44 165 253 253 253 241 206 253 253 253 186 123 13 69 253 253 253 179 185 233 249 253 253 253 253 253 253 253 
0 0 0 33 213 253 253 0 33 127 219 253 253 253 5 165 253 253 253 253 228 165 253 253 253 241 206 41 253 253 186 123 13 69 253 253 253 179 185 233 249 253 253 253 253 253 253 253 253 
0 0 33 213 253 253 253 33 127 219 253 253 253 253 165 253 253 253 253 228 129 253 253 253 241 206 41 29 253 186 123 13 69 253 253 253 179 185 233 249 253 253 253 253 253 253 253 253 253 
0 33 213 253 253 253 253 127 219 253 253 253 253 253 253 253 253 253 228 129 87 253 253 241 206 41 29 154 186 123 13 69 253 253 253 179 185 233 249 253 253 253 253 253 253 253 253 253 247 
33 213 253 253 253 253 253 219 253 253 253 253 253 159 253 253 253 228 129 87 213 253 241 206 41 29 154 253 123 13 69 253 253 253 253 185 233 249 253 253 253 253 253 253 253 253 253 247 27 
213 253 253 253 253 253 253 253 253 253 253 253 159 244 253 253 228 129 87 213 249 241 206 41 29 154 253 253 13 69 253 253 253 253 253 233 249 253 253 253 253 93 253 253 253 253 247 27 2 
253 253 253 253 253 253 253 253 253 253 253 159 244 253 253 228 129 87 213 249 253 206 41 29 154 253 253 253 69 253 253 253 253 253 182 249 253 253 253 253 93 3 253 253 253 247 27 2 0 
253 253 253 253 253 253 253 253 253 253 159 244 253 253 228 129 87 213 249 253 253 41 29 154 253 253 253 253 253 253 253 253 253 182 253 253 253 253 253 93 3 6 253 253 247 27 2 0 0 
253 253 253 253 253 253 253 253 253 159 244 253 253 253 129 87 213 249 253 253 225 29 154 253 253 253 253 234 253 253 253 253 182 253 141 253 253 253 93 3 6 2 253 247 27 2 0 0 0 
253 253 253 253 253 253 142 253 159 244 253 253 253 207 87 213 249 253 253 225 31 154 253 253 253 253 234 52 253 253 253 182 253 141 0 253 253 93 3 6 2 0 247 27 2 0 0 0 0 
253 253 253 253 253 142 76 159 244 253 253 253 207 61 213 249 253 253 225 31 0 253 253 253 253 234 52 0 253 253 182 253 141 0 0 253 93 3 6 2 0 0 27 2 0 0 0 0 0 
253 253 253 253 142 76 0 244 253 253 253 207 61 0 249 253 253 225 31 0 0 253 253 253 234 52 0 0 253 182 253 141 0 0 0 93 3 6 2 0 0 0 2 0 0 0 0 0 0 
253 253 253 142 76 0 0 253 253 253 207 61 0 0 253 253 225 31 0 0 0 253 253 234 52 0 0 0 182 253 141 0 0 0 0 3 6 2 0 0 0 0 0 0 0 0 0 0 0 
253 253 142 76 0 0 0 253 253 207 61 0 0 0 253 225 31 0 0 0 0 253 234 52 0 0 0 0 253 141 0 0 0 0 0 6 2 0 0 0 0 0 0 0 0 0 0 0 0 
253 142 76 0 0 0 0 253 207 61 0 0 0 0 225 31 0 0 0 0 0 234 52 0 0 0 0 0 141 0 0 0 0 0 0 2 0 0 0 0 0 0 0 0 0 0 0 0 0 
0 0 0 0 0 0 0 0 0 0 0 0 0 0 0 0 0 0 0 0 0 0 0 0 0 0 0 0 0 0 0 0 0 0 0 0 0 0 0 0 0 0 0 0 0 0 0 0 0 
0 0 0 0 0 0 0 0 0 0 0 0 0 0 0 0 0 0 0 0 0 0 0 0 0 0 0 0 0 0 0 0 0 0 0 0 0 0 0 0 0 0 0 0 0 0 0 0 0 
0 0 0 0 0 0 0 0 0 0 0 0 0 0 0 0 0 0 0 0 0 0 0 0 0 0 0 0 0 0 0 0 0 0 0 0 0 0 0 0 0 0 0 0 0 0 0 0 0 
0 0 0 0 0 0 0 0 0 0 0 0 0 0 0 0 0 0 0 0 0 0 0 0 0 0 0 0 0 0 0 0 0 0 0 0 0 0 0 0 0 0 0 0 0 0 0 0 0 
0 0 0 0 0 0 0 0 0 0 0 0 0 0 0 0 0 0 0 0 0 0 0 0 0 0 0 0 0 0 0 0 0 0 0 0 0 0 0 0 0 0 0 0 0 0 0 0 0 
0 0 0 0 0 0 0 0 0 0 0 0 0 0 0 0 0 0 0 0 0 0 0 0 0 0 0 50 0 0 0 0 0 0 97 0 0 0 0 0 0 220 0 0 0 0 0 0 159 
0 0 0 0 0 0 0 0 0 0 0 0 0 0 0 0 0 0 0 0 12 0 0 0 0 0 50 234 0 0 0 0 0 97 253 0 0 0 0 0 220 253 0 0 0 0 0 159 253 
0 0 0 0 0 0 0 0 0 0 0 0 0 0 0 0 0 0 0 12 44 0 0 0 0 50 234 253 0 0 0 0 97 253 253 0 0 0 0 220 253 253 0 0 0 0 159 253 253 
0 0 0 0 0 0 0 0 0 0 0 0 0 5 0 0 0 0 12 44 165 0 0 0 50 234 253 253 0 0 0 97 253 253 253 0 0 0 220 253 253 253 0 0 0 159 253 253 253 
0 0 0 0 0 0 33 0 0 0 0 0 5 165 0 0 0 12 44 165 253 0 0 50 234 253 253 253 0 0 97 253 253 253 253 0 0 220 253 253 253 253 0 0 159 253 253 253 253 
0 0 0 0 0 33 127 0 0 0 0 5 165 253 0 0 12 44 165 253 253 0 50 234 253 253 253 186 0 97 253 253 253 253 179 0 220 253 253 253 253 253 0 159 253 253 253 253 253 
0 0 0 0 33 127 219 0 0 0 5 165 253 253 0 12 44 165 253 253 253 50 234 253 253 253 186 123 97 253 253 253 253 179 185 220 253 253 253 253 253 253 159 253 253 253 253 253 253 
0 0 0 33 127 219 253 0 0 5 165 253 253 253 12 44 165 253 253 253 241 234 253 253 253 186 123 13 253 253 253 253 179 185 233 253 253 253 253 253 253 253 253 253 253 253 253 253 253 
0 0 33 127 219 253 253 0 5 165 253 253 253 253 44 165 253 253 253 241 206 253 253 253 186 123 13 69 253 253 253 179 185 233 249 253 253 253 253 253 253 253 253 253 253 253 253 253 253 
0 33 127 219 253 253 253 5 165 253 253 253 253 228 165 253 253 253 241 206 41 253 253 186 123 13 69 253 253 253 179 185 233 249 253 253 253 253 253 253 253 253 253 253 253 253 253 253 240 
33 127 219 253 253 253 253 165 253 253 253 253 228 129 253 253 253 241 206 41 29 253 186 123 13 69 253 253 253 179 185 233 249 253 253 253 253 253 253 253 253 253 253 253 253 253 253 240 184 
127 219 253 253 253 253 253 253 253 253 253 228 129 87 253 253 241 206 41 29 154 186 123 13 69 253 253 253 179 185 233 249 253 253 253 253 253 253 253 253 253 247 253 253 253 253 240 184 105 
219 253 253 253 253 253 159 253 253 253 228 129 87 213 253 241 206 41 29 154 253 123 13 69 253 253 253 253 185 233 249 253 253 253 253 253 253 253 253 253 247 27 253 253 253 240 184 105 0 
253 253 253 253 253 159 244 253 253 228 129 87 213 249 241 206 41 29 154 253 253 13 69 253 253 253 253 253 233 249 253 253 253 253 93 253 253 253 253 247 27 2 253 253 240 184 105 0 0 
253 253 253 253 159 244 253 253 228 129 87 213 249 253 206 41 29 154 253 253 253 69 253 253 253 253 253 182 249 253 253 253 253 93 3 253 253 253 247 27 2 0 253 240 184 105 0 0 0 
253 253 253 159 244 253 253 228 129 87 213 249 253 253 41 29 154 253 253 253 253 253 253 253 253 253 182 253 253 253 253 253 93 3 6 253 253 247 27 2 0 0 240 184 105 0 0 0 0 
253 253 159 244 253 253 253 129 87 213 249 253 253 225 29 154 253 253 253 253 234 253 253 253 253 182 253 141 253 253 253 93 3 6 2 253 247 27 2 0 0 0 184 105 0 0 0 0 0 
253 159 244 253 253 253 207 87 213 249 253 253 225 31 154 253 253 253 253 234 52 253 253 253 182 253 141 0 253 253 93 3 6 2 0 247 27 2 0 0 0 0 105 0 0 0 0 0 0 
159 244 253 253 253 207 61 213 249 253 253 225 31 0 253 253 253 253 234 52 0 253 253 182 253 141 0 0 253 93 3 6 2 0 0 27 2 0 0 0 0 0 0 0 0 0 0 0 0 
244 253 253 253 207 61 0 249 253 253 225 31 0 0 253 253 253 234 52 0 0 253 182 253 141 0 0 0 93 3 6 2 0 0 0 2 0 0 0 0 0 0 0 0 0 0 0 0 0 
253 253 253 207 61 0 0 253 253 225 31 0 0 0 253 253 234 52 0 0 0 182 253 141 0 0 0 0 3 6 2 0 0 0 0 0 0 0 0 0 0 0 0 0 0 0 0 0 0 
253 253 207 61 0 0 0 253 225 31 0 0 0 0 253 234 52 0 0 0 0 253 141 0 0 0 0 0 6 2 0 0 0 0 0 0 0 0 0 0 0 0 0 0 0 0 0 0 0 
253 207 61 0 0 0 0 225 31 0 0 0 0 0 234 52 0 0 0 0 0 141 0 0 0 0 0 0 2 0 0 0 0 0 0 0 0 0 0 0 0 0 0 0 0 0 0 0 0 
0 0 0 0 0 0 0 0 0 0 0 0 0 0 0 0 0 0 0 0 0 0 0 0 0 0 0 0 0 0 0 0 0 0 0 0 0 0 0 0 0 0 0 0 0 0 0 0 0 
0 0 0 0 0 0 0 0 0 0 0 0 0 0 0 0 0 0 0 0 0 0 0 0 0 0 0 0 0 0 0 0 0 0 0 0 0 0 0 0 0 0 0 0 0 0 0 0 0 
0 0 0 0 0 0 0 0 0 0 0 0 0 0 0 0 0 0 0 0 0 0 0 0 0 0 0 0 0 0 0 0 0 0 0 0 0 0 0 0 0 0 0 0 0 0 0 0 0 
0 0 0 0 0 0 0 0 0 0 0 0 0 0 0 0 0 0 0 0 0 0 0 0 0 0 0 0 0 0 0 0 0 0 0 0 0 0 0 0 0 0 0 0 0 0 0 0 0 
0 0 0 0 0 0 0 0 0 0 0 0 0 0 0 0 0 0 0 0 0 0 0 0 0 0 0 0 0 0 0 0 0 0 0 0 0 0 0 0 0 0 0 0 0 0 0 0 0 
0 0 0 0 0 0 0 0 0 0 0 0 0 0 0 0 0 0 0 0 50 0 0 0 0 0 0 97 0 0 0 0 0 0 220 0 0 0 0 0 0 159 0 0 0 0 0 0 81 
0 0 0 0 0 0 0 0 0 0 0 0 0 12 0 0 0 0 0 50 234 0 0 0 0 0 97 253 0 0 0 0 0 220 253 0 0 0 0 0 159 253 0 0 0 0 0 81 231 
0 0 0 0 0 0 0 0 0 0 0 0 12 44 0 0 0 0 50 234 253 0 0 0 0 97 253 253 0 0 0 0 220 253 253 0 0 0 0 159 253 253 0 0 0 0 81 231 253 
0 0 0 0 0 0 5 0 0 0 0 12 44 165 0 0 0 50 234 253 253 0 0 0 97 253 253 253 0 0 0 220 253 253 253 0 0 0 159 253 253 253 0 0 0 81 231 253 253 
0 0 0 0 0 5 165 0 0 0 12 44 165 253 0 0 50 234 253 253 253 0 0 97 253 253 253 253 0 0 220 253 253 253 253 0 0 159 253 253 253 253 0 0 81 231 253 253 253 
0 0 0 0 5 165 253 0 0 12 44 165 253 253 0 50 234 253 253 253 186 0 97 253 253 253 253 179 0 220 253 253 253 253 253 0 159 253 253 253 253 253 0 81 231 253 253 253 253 
0 0 0 5 165 253 253 0 12 44 165 253 253 253 50 234 253 253 253 186 123 97 253 253 253 253 179 185 220 253 253 253 253 253 253 159 253 253 253 253 253 253 81 231 253 253 253 253 253 
0 0 5 165 253 253 253 12 44 165 253 253 253 241 234 253 253 253 186 123 13 253 253 253 253 179 185 233 253 253 253 253 253 253 253 253 253 253 253 253 253 253 231 253 253 253 253 253 253 
0 5 165 253 253 253 253 44 165 253 253 253 241 206 253 253 253 186 123 13 69 253 253 253 179 185 233 249 253 253 253 253 253 253 253 253 253 253 253 253 253 253 253 253 253 253 253 253 240 
5 165 253 253 253 253 228 165 253 253 253 241 206 41 253 253 186 123 13 69 253 253 253 179 185 233 249 253 253 253 253 253 253 253 253 253 253 253 253 253 253 240 253 253 253 253 253 240 166 
165 253 253 253 253 228 129 253 253 253 241 206 41 29 253 186 123 13 69 253 253 253 179 185 233 249 253 253 253 253 253 253 253 253 253 253 253 253 253 253 240 184 253 253 253 253 240 166 0 
253 253 253 253 228 129 87 253 253 241 206 41 29 154 186 123 13 69 253 253 253 179 185 233 249 253 253 253 253 253 253 253 253 253 247 253 253 253 253 240 184 105 253 253 253 240 166 0 0 
253 253 253 228 129 87 213 253 241 206 41 29 154 253 123 13 69 253 253 253 253 185 233 249 253 253 253 253 253 253 253 253 253 247 27 253 253 253 240 184 105 0 253 253 240 166 0 0 0 
253 253 228 129 87 213 249 241 206 41 29 154 253 253 13 69 253 253 253 253 253 233 249 253 253 253 253 93 253 253 253 253 247 27 2 253 253 240 184 105 0 0 253 240 166 0 0 0 0 
253 228 129 87 213 249 253 206 41 29 154 253 253 253 69 253 253 253 253 253 182 249 253 253 253 253 93 3 253 253 253 247 27 2 0 253 240 184 105 0 0 0 240 166 0 0 0 0 0 
228 129 87 213 249 253 253 41 29 154 253 253 253 253 253 253 253 253 253 182 253 253 253 253 253 93 3 6 253 253 247 27 2 0 0 240 184 105 0 0 0 0 166 0 0 0 0 0 0 
129 87 213 249 253 253 225 29 154 253 253 253 253 234 253 253 253 253 182 253 141 253 253 253 93 3 6 2 253 247 27 2 0 0 0 184 105 0 0 0 0 0 0 0 0 0 0 0 0 
87 213 249 253 253 225 31 154 253 253 253 253 234 52 253 253 253 182 253 141 0 253 253 93 3 6 2 0 247 27 2 0 0 0 0 105 0 0 0 0 0 0 0 0 0 0 0 0 0 
213 249 253 253 225 31 0 253 253 253 253 234 52 0 253 253 182 253 141 0 0 253 93 3 6 2 0 0 27 2 0 0 0 0 0 0 0 0 0 0 0 0 0 0 0 0 0 0 0 
249 253 253 225 31 0 0 253 253 253 234 52 0 0 253 182 253 141 0 0 0 93 3 6 2 0 0 0 2 0 0 0 0 0 0 0 0 0 0 0 0 0 0 0 0 0 0 0 0 
253 253 225 31 0 0 0 253 253 234 52 0 0 0 182 253 141 0 0 0 0 3 6 2 0 0 0 0 0 0 0 0 0 0 0 0 0 0 0 0 0 0 0 0 0 0 0 0 0 
253 225 31 0 0 0 0 253 234 52 0 0 0 0 253 141 0 0 0 0 0 6 2 0 0 0 0 0 0 0 0 0 0 0 0 0 0 0 0 0 0 0 0 0 0 0 0 0 0 
225 31 0 0 0 0 0 234 52 0 0 0 0 0 141 0 0 0 0 0 0 2 0 0 0 0 0 0 0 0 0 0 0 0 0 0 0 0 0 0 0 0 0 0 0 0 0 0 0 
0 0 0 0 0 0 0 0 0 0 0 0 0 0 0 0 0 0 0 0 0 0 0 0 0 0 0 0 0 0 0 0 0 0 0 0 0 0 0 0 0 0 0 0 0 0 0 0 0 
0 0 0 0 0 0 0 0 0 0 0 0 0 0 0 0 0 0 0 0 0 0 0 0 0 0 0 0 0 0 0 0 0 0 0 0 0 0 0 0 0 0 0 0 0 0 0 0 0 
0 0 0 0 0 0 0 0 0 0 0 0 0 0 0 0 0 0 0 0 0 0 0 0 0 0 0 0 0 0 0 0 0 0 0 0 0 0 0 0 0 0 0 0 0 0 0 0 0 
0 0 0 0 0 0 0 0 0 0 0 0 0 0 0 0 0 0 0 0 0 0 0 0 0 0 0 0 0 0 0 0 0 0 0 0 0 0 0 0 0 0 0 0 0 0 0 0 0 
0 0 0 0 0 0 0 0 0 0 0 0 0 0 0 0 0 0 0 0 0 0 0 0 0 0 0 0 0 0 0 0 0 0 0 0 0 0 0 0 0 0 0 0 0 0 0 0 0 
0 0 0 0 0 0 0 0 0 0 0 0 0 50 0 0 0 0 0 0 97 0 0 0 0 0 0 220 0 0 0 0 0 0 159 0 0 0 0 0 0 81 0 0 0 0 0 0 34 
0 0 0 0 0 0 12 0 0 0 0 0 50 234 0 0 0 0 0 97 253 0 0 0 0 0 220 253 0 0 0 0 0 159 253 0 0 0 0 0 81 231 0 0 0 0 0 34 89 
0 0 0 0 0 12 44 0 0 0 0 50 234 253 0 0 0 0 97 253 253 0 0 0 0 220 253 253 0 0 0 0 159 253 253 0 0 0 0 81 231 253 0 0 0 0 34 89 89 
0 0 0 0 12 44 165 0 0 0 50 234 253 253 0 0 0 97 253 253 253 0 0 0 220 253 253 253 0 0 0 159 253 253 253 0 0 0 81 231 253 253 0 0 0 34 89 89 181 
0 0 0 12 44 165 253 0 0 50 234 253 253 253 0 0 97 253 253 253 253 0 0 220 253 253 253 253 0 0 159 253 253 253 253 0 0 81 231 253 253 253 0 0 34 89 89 181 227 
0 0 12 44 165 253 253 0 50 234 253 253 253 186 0 97 253 253 253 253 179 0 220 253 253 253 253 253 0 159 253 253 253 253 253 0 81 231 253 253 253 253 0 34 89 89 181 227 253 
0 12 44 165 253 253 253 50 234 253 253 253 186 123 97 253 253 253 253 179 185 220 253 253 253 253 253 253 159 253 253 253 253 253 253 81 231 253 253 253 253 253 34 89 89 181 227 253 253 
12 44 165 253 253 253 241 234 253 253 253 186 123 13 253 253 253 253 179 185 233 253 253 253 253 253 253 253 253 253 253 253 253 253 253 231 253 253 253 253 253 253 89 89 181 227 253 253 253 
44 165 253 253 253 241 206 253 253 253 186 123 13 69 253 253 253 179 185 233 249 253 253 253 253 253 253 253 253 253 253 253 253 253 253 253 253 253 253 253 253 240 89 181 227 253 253 253 207 
165 253 253 253 241 206 41 253 253 186 123 13 69 253 253 253 179 185 233 249 253 253 253 253 253 253 253 253 253 253 253 253 253 253 240 253 253 253 253 253 240 166 181 227 253 253 253 207 37 
253 253 253 241 206 41 29 253 186 123 13 69 253 253 253 179 185 233 249 253 253 253 253 253 253 253 253 253 253 253 253 253 253 240 184 253 253 253 253 240 166 0 227 253 253 253 207 37 0 
253 253 241 206 41 29 154 186 123 13 69 253 253 253 179 185 233 249 253 253 253 253 253 253 253 253 253 247 253 253 253 253 240 184 105 253 253 253 240 166 0 0 253 253 253 207 37 0 0 
253 241 206 41 29 154 253 123 13 69 253 253 253 253 185 233 249 253 253 253 253 253 253 253 253 253 247 27 253 253 253 240 184 105 0 253 253 240 166 0 0 0 253 253 207 37 0 0 0 
241 206 41 29 154 253 253 13 69 253 253 253 253 253 233 249 253 253 253 253 93 253 253 253 253 247 27 2 253 253 240 184 105 0 0 253 240 166 0 0 0 0 253 207 37 0 0 0 0 
206 41 29 154 253 253 253 69 253 253 253 253 253 182 249 253 253 253 253 93 3 253 253 253 247 27 2 0 253 240 184 105 0 0 0 240 166 0 0 0 0 0 207 37 0 0 0 0 0 
41 29 154 253 253 253 253 253 253 253 253 253 182 253 253 253 253 253 93 3 6 253 253 247 27 2 0 0 240 184 105 0 0 0 0 166 0 0 0 0 0 0 37 0 0 0 0 0 0 
29 154 253 253 253 253 234 253 253 253 253 182 253 141 253 253 253 93 3 6 2 253 247 27 2 0 0 0 184 105 0 0 0 0 0 0 0 0 0 0 0 0 0 0 0 0 0 0 0 
154 253 253 253 253 234 52 253 253 253 182 253 141 0 253 253 93 3 6 2 0 247 27 2 0 0 0 0 105 0 0 0 0 0 0 0 0 0 0 0 0 0 0 0 0 0 0 0 0 
253 253 253 253 234 52 0 253 253 182 253 141 0 0 253 93 3 6 2 0 0 27 2 0 0 0 0 0 0 0 0 0 0 0 0 0 0 0 0 0 0 0 0 0 0 0 0 0 0 
253 253 253 234 52 0 0 253 182 253 141 0 0 0 93 3 6 2 0 0 0 2 0 0 0 0 0 0 0 0 0 0 0 0 0 0 0 0 0 0 0 0 0 0 0 0 0 0 0 
253 253 234 52 0 0 0 182 253 141 0 0 0 0 3 6 2 0 0 0 0 0 0 0 0 0 0 0 0 0 0 0 0 0 0 0 0 0 0 0 0 0 0 0 0 0 0 0 0 
253 234 52 0 0 0 0 253 141 0 0 0 0 0 6 2 0 0 0 0 0 0 0 0 0 0 0 0 0 0 0 0 0 0 0 0 0 0 0 0 0 0 0 0 0 0 0 0 0 
234 52 0 0 0 0 0 141 0 0 0 0 0 0 2 0 0 0 0 0 0 0 0 0 0 0 0 0 0 0 0 0 0 0 0 0 0 0 0 0 0 0 0 0 0 0 0 0 0 
0 0 0 0 0 0 0 0 0 0 0 0 0 0 0 0 0 0 0 0 0 0 0 0 0 0 0 0 0 0 0 0 0 0 0 0 0 0 0 0 0 0 0 0 0 0 0 0 0 
0 0 0 0 0 0 0 0 0 0 0 0 0 0 0 0 0 0 0 0 0 0 0 0 0 0 0 0 0 0 0 0 0 0 0 0 0 0 0 0 0 0 0 0 0 0 0 0 0 
0 0 0 0 0 0 0 0 0 0 0 0 0 0 0 0 0 0 0 0 0 0 0 0 0 0 0 0 0 0 0 0 0 0 0 0 0 0 0 0 0 0 0 0 0 0 0 0 0 
0 0 0 0 0 0 0 0 0 0 0 0 0 0 0 0 0 0 0 0 0 0 0 0 0 0 0 0 0 0 0 0 0 0 0 0 0 0 0 0 0 0 0 0 0 0 0 0 0 
0 0 0 0 0 0 0 0 0 0 0 0 0 0 0 0 0 0 0 0 0 0 0 0 0 0 0 0 0 0 0 0 0 0 0 0 0 0 0 0 0 0 0 0 0 0 0 0 0 
0 0 0 0 0 0 50 0 0 0 0 0 0 97 0 0 0 0 0 0 220 0 0 0 0 0 0 159 0 0 0 0 0 0 81 0 0 0 0 0 0 34 0 0 0 0 0 0 0 
0 0 0 0 0 50 234 0 0 0 0 0 97 253 0 0 0 0 0 220 253 0 0 0 0 0 159 253 0 0 0 0 0 81 231 0 0 0 0 0 34 89 0 0 0 0 0 0 0 
0 0 0 0 50 234 253 0 0 0 0 97 253 253 0 0 0 0 220 253 253 0 0 0 0 159 253 253 0 0 0 0 81 231 253 0 0 0 0 34 89 89 0 0 0 0 0 0 0 
0 0 0 50 234 253 253 0 0 0 97 253 253 253 0 0 0 220 253 253 253 0 0 0 159 253 253 253 0 0 0 81 231 253 253 0 0 0 34 89 89 181 0 0 0 0 0 0 0 
0 0 50 234 253 253 253 0 0 97 253 253 253 253 0 0 220 253 253 253 253 0 0 159 253 253 253 253 0 0 81 231 253 253 253 0 0 34 89 89 181 227 0 0 0 0 0 0 14 
0 50 234 253 253 253 186 0 97 253 253 253 253 179 0 220 253 253 253 253 253 0 159 253 253 253 253 253 0 81 231 253 253 253 253 0 34 89 89 181 227 253 0 0 0 0 0 14 253 
50 234 253 253 253 186 123 97 253 253 253 253 179 185 220 253 253 253 253 253 253 159 253 253 253 253 253 253 81 231 253 253 253 253 253 34 89 89 181 227 253 253 0 0 0 0 14 253 253 
234 253 253 253 186 123 13 253 253 253 253 179 185 233 253 253 253 253 253 253 253 253 253 253 253 253 253 253 231 253 253 253 253 253 253 89 89 181 227 253 253 253 0 0 0 14 253 253 251 
253 253 253 186 123 13 69 253 253 253 179 185 233 249 253 253 253 253 253 253 253 253 253 253 253 253 253 253 253 253 253 253 253 253 240 89 181 227 253 253 253 207 0 0 14 253 253 251 46 
253 253 186 123 13 69 253 253 253 179 185 233 249 253 253 253 253 253 253 253 253 253 253 253 253 253 253 240 253 253 253 253 253 240 166 181 227 253 253 253 207 37 0 14 253 253 251 46 0 
253 186 123 13 69 253 253 253 179 185 233 249 253 253 253 253 253 253 253 253 253 253 253 253 253 253 240 184 253 253 253 253 240 166 0 227 253 253 253 207 37 0 14 253 253 251 46 0 0 
186 123 13 69 253 253 253 179 185 233 249 253 253 253 253 253 253 253 253 253 247 253 253 253 253 240 184 105 253 253 253 240 166 0 0 253 253 253 207 37 0 0 253 253 251 46 0 0 0 
123 13 69 253 253 253 253 185 233 249 253 253 253 253 253 253 253 253 253 247 27 253 253 253 240 184 105 0 253 253 240 166 0 0 0 253 253 207 37 0 0 0 253 251 46 0 0 0 0 
13 69 253 253 253 253 253 233 249 253 253 253 253 93 253 253 253 253 247 27 2 253 253 240 184 105 0 0 253 240 166 0 0 0 0 253 207 37 0 0 0 0 251 46 0 0 0 0 0 
69 253 253 253 253 253 182 249 253 253 253 253 93 3 253 253 253 247 27 2 0 253 240 184 105 0 0 0 240 166 0 0 0 0 0 207 37 0 0 0 0 0 46 0 0 0 0 0 0 
253 253 253 253 253 182 253 253 253 253 253 93 3 6 253 253 247 27 2 0 0 240 184 105 0 0 0 0 166 0 0 0 0 0 0 37 0 0 0 0 0 0 0 0 0 0 0 0 0 
253 253 253 253 182 253 141 253 253 253 93 3 6 2 253 247 27 2 0 0 0 184 105 0 0 0 0 0 0 0 0 0 0 0 0 0 0 0 0 0 0 0 0 0 0 0 0 0 0 
253 253 253 182 253 141 0 253 253 93 3 6 2 0 247 27 2 0 0 0 0 105 0 0 0 0 0 0 0 0 0 0 0 0 0 0 0 0 0 0 0 0 0 0 0 0 0 0 0 
253 253 182 253 141 0 0 253 93 3 6 2 0 0 27 2 0 0 0 0 0 0 0 0 0 0 0 0 0 0 0 0 0 0 0 0 0 0 0 0 0 0 0 0 0 0 0 0 0 
253 182 253 141 0 0 0 93 3 6 2 0 0 0 2 0 0 0 0 0 0 0 0 0 0 0 0 0 0 0 0 0 0 0 0 0 0 0 0 0 0 0 0 0 0 0 0 0 0 
182 253 141 0 0 0 0 3 6 2 0 0 0 0 0 0 0 0 0 0 0 0 0 0 0 0 0 0 0 0 0 0 0 0 0 0 0 0 0 0 0 0 0 0 0 0 0 0 0 
253 141 0 0 0 0 0 6 2 0 0 0 0 0 0 0 0 0 0 0 0 0 0 0 0 0 0 0 0 0 0 0 0 0 0 0 0 0 0 0 0 0 0 0 0 0 0 0 0 
141 0 0 0 0 0 0 2 0 0 0 0 0 0 0 0 0 0 0 0 0 0 0 0 0 0 0 0 0 0 0 0 0 0 0 0 0 0 0 0 0 0 0 0 0 0 0 0 0 
0 0 0 0 0 0 0 0 0 0 0 0 0 0 0 0 0 0 0 0 0 0 0 0 0 0 0 0 0 0 0 0 0 0 0 0 0 0 0 0 0 0 0 0 0 0 0 0 0 
0 0 0 0 0 0 0 0 0 0 0 0 0 0 0 0 0 0 0 0 0 0 0 0 0 0 0 0 0 0 0 0 0 0 0 0 0 0 0 0 0 0 0 0 0 0 0 0 0 
0 0 0 0 0 0 0 0 0 0 0 0 0 0 0 0 0 0 0 0 0 0 0 0 0 0 0 0 0 0 0 0 0 0 0 0 0 0 0 0 0 0 0 0 0 0 0 0 0 
0 0 0 0 0 0 0 0 0 0 0 0 0 0 0 0 0 0 0 0 0 0 0 0 0 0 0 0 0 0 0 0 0 0 0 0 0 0 0 0 0 0 0 0 0 0 0 0 0 
0 0 0 0 0 0 0 0 0 0 0 0 0 0 0 0 0 0 0 0 0 0 0 0 0 0 0 0 0 0 0 0 0 0 0 0 0 0 0 0 0 0 0 0 0 0 0 0 0 
0 0 0 0 0 0 97 0 0 0 0 0 0 220 0 0 0 0 0 0 159 0 0 0 0 0 0 81 0 0 0 0 0 0 34 0 0 0 0 0 0 0 0 0 0 0 0 0 0 
0 0 0 0 0 97 253 0 0 0 0 0 220 253 0 0 0 0 0 159 253 0 0 0 0 0 81 231 0 0 0 0 0 34 89 0 0 0 0 0 0 0 0 0 0 0 0 0 0 
0 0 0 0 97 253 253 0 0 0 0 220 253 253 0 0 0 0 159 253 253 0 0 0 0 81 231 253 0 0 0 0 34 89 89 0 0 0 0 0 0 0 0 0 0 0 0 0 27 
0 0 0 97 253 253 253 0 0 0 220 253 253 253 0 0 0 159 253 253 253 0 0 0 81 231 253 253 0 0 0 34 89 89 181 0 0 0 0 0 0 0 0 0 0 0 0 27 125 
0 0 97 253 253 253 253 0 0 220 253 253 253 253 0 0 159 253 253 253 253 0 0 81 231 253 253 253 0 0 34 89 89 181 227 0 0 0 0 0 0 14 0 0 0 0 27 125 131 
0 97 253 253 253 253 179 0 220 253 253 253 253 253 0 159 253 253 253 253 253 0 81 231 253 253 253 253 0 34 89 89 181 227 253 0 0 0 0 0 14 253 0 0 0 27 125 131 253 
97 253 253 253 253 179 185 220 253 253 253 253 253 253 159 253 253 253 253 253 253 81 231 253 253 253 253 253 34 89 89 181 227 253 253 0 0 0 0 14 253 253 0 0 27 125 131 253 199 
253 253 253 253 179 185 233 253 253 253 253 253 253 253 253 253 253 253 253 253 253 231 253 253 253 253 253 253 89 89 181 227 253 253 253 0 0 0 14 253 253 251 0 27 125 131 253 199 84 
253 253 253 179 185 233 249 253 253 253 253 253 253 253 253 253 253 253 253 253 253 253 253 253 253 253 253 240 89 181 227 253 253 253 207 0 0 14 253 253 251 46 27 125 131 253 199 84 0 
253 253 179 185 233 249 253 253 253 253 253 253 253 253 253 253 253 253 253 253 240 253 253 253 253 253 240 166 181 227 253 253 253 207 37 0 14 253 253 251 46 0 125 131 253 199 84 0 0 
253 179 185 233 249 253 253 253 253 253 253 253 253 253 253 253 253 253 253 240 184 253 253 253 253 240 166 0 227 253 253 253 207 37 0 14 253 253 251 46 0 0 131 253 199 84 0 0 0 
179 185 233 249 253 253 253 253 253 253 253 253 253 247 253 253 253 253 240 184 105 253 253 253 240 166 0 0 253 253 253 207 37 0 0 253 253 251 46 0 0 0 253 199 84 0 0 0 0 
185 233 249 253 253 253 253 253 253 253 253 253 247 27 253 253 253 240 184 105 0 253 253 240 166 0 0 0 253 253 207 37 0 0 0 253 251 46 0 0 0 0 199 84 0 0 0 0 0 
233 249 253 253 253 253 93 253 253 253 253 247 27 2 253 253 240 184 105 0 0 253 240 166 0 0 0 0 253 207 37 0 0 0 0 251 46 0 0 0 0 0 84 0 0 0 0 0 0 
249 253 253 253 253 93 3 253 253 253 247 27 2 0 253 240 184 105 0 0 0 240 166 0 0 0 0 0 207 37 0 0 0 0 0 46 0 0 0 0 0 0 0 0 0 0 0 0 0 
253 253 253 253 93 3 6 253 253 247 27 2 0 0 240 184 105 0 0 0 0 166 0 0 0 0 0 0 37 0 0 0 0 0 0 0 0 0 0 0 0 0 0 0 0 0 0 0 0 
253 253 253 93 3 6 2 253 247 27 2 0 0 0 184 105 0 0 0 0 0 0 0 0 0 0 0 0 0 0 0 0 0 0 0 0 0 0 0 0 0 0 0 0 0 0 0 0 0 
253 253 93 3 6 2 0 247 27 2 0 0 0 0 105 0 0 0 0 0 0 0 0 0 0 0 0 0 0 0 0 0 0 0 0 0 0 0 0 0 0 0 0 0 0 0 0 0 0 
253 93 3 6 2 0 0 27 2 0 0 0 0 0 0 0 0 0 0 0 0 0 0 0 0 0 0 0 0 0 0 0 0 0 0 0 0 0 0 0 0 0 0 0 0 0 0 0 0 
93 3 6 2 0 0 0 2 0 0 0 0 0 0 0 0 0 0 0 0 0 0 0 0 0 0 0 0 0 0 0 0 0 0 0 0 0 0 0 0 0 0 0 0 0 0 0 0 0 
3 6 2 0 0 0 0 0 0 0 0 0 0 0 0 0 0 0 0 0 0 0 0 0 0 0 0 0 0 0 0 0 0 0 0 0 0 0 0 0 0 0 0 0 0 0 0 0 0 
6 2 0 0 0 0 0 0 0 0 0 0 0 0 0 0 0 0 0 0 0 0 0 0 0 0 0 0 0 0 0 0 0 0 0 0 0 0 0 0 0 0 0 0 0 0 0 0 0 
2 0 0 0 0 0 0 0 0 0 0 0 0 0 0 0 0 0 0 0 0 0 0 0 0 0 0 0 0 0 0 0 0 0 0 0 0 0 0 0 0 0 0 0 0 0 0 0 0 
0 0 0 0 0 0 0 0 0 0 0 0 0 0 0 0 0 0 0 0 0 0 0 0 0 0 0 0 0 0 0 0 0 0 0 0 0 0 0 0 0 0 0 0 0 0 0 0 0 
0 0 0 0 0 0 0 0 0 0 0 0 0 0 0 0 0 0 0 0 0 0 0 0 0 0 0 0 0 0 0 0 0 0 0 0 0 0 0 0 0 0 0 0 0 0 0 0 0 
0 0 0 0 0 0 0 0 0 0 0 0 0 0 0 0 0 0 0 0 0 0 0 0 0 0 0 0 0 0 0 0 0 0 0 0 0 0 0 0 0 0 0 0 0 0 0 0 0 
0 0 0 0 0 0 0 0 0 0 0 0 0 0 0 0 0 0 0 0 0 0 0 0 0 0 0 0 0 0 0 0 0 0 0 0 0 0 0 0 0 0 0 0 0 0 0 0 0 
0 0 0 0 0 0 0 0 0 0 0 0 0 0 0 0 0 0 0 0 0 0 0 0 0 0 0 0 0 0 0 0 0 0 0 0 0 0 0 0 0 0 0 0 0 0 0 0 0 
0 0 0 0 0 0 220 0 0 0 0 0 0 159 0 0 0 0 0 0 81 0 0 0 0 0 0 34 0 0 0 0 0 0 0 0 0 0 0 0 0 0 0 0 0 0 0 0 40 
0 0 0 0 0 220 253 0 0 0 0 0 159 253 0 0 0 0 0 81 231 0 0 0 0 0 34 89 0 0 0 0 0 0 0 0 0 0 0 0 0 0 0 0 0 0 0 40 104 
0 0 0 0 220 253 253 0 0 0 0 159 253 253 0 0 0 0 81 231 253 0 0 0 0 34 89 89 0 0 0 0 0 0 0 0 0 0 0 0 0 27 0 0 0 0 40 104 210 
0 0 0 220 253 253 253 0 0 0 159 253 253 253 0 0 0 81 231 253 253 0 0 0 34 89 89 181 0 0 0 0 0 0 0 0 0 0 0 0 27 125 0 0 0 40 104 210 234 
0 0 220 253 253 253 253 0 0 159 253 253 253 253 0 0 81 231 253 253 253 0 0 34 89 89 181 227 0 0 0 0 0 0 14 0 0 0 0 27 125 131 0 0 40 104 210 234 198 
0 220 253 253 253 253 253 0 159 253 253 253 253 253 0 81 231 253 253 253 253 0 34 89 89 181 227 253 0 0 0 0 0 14 253 0 0 0 27 125 131 253 0 40 104 210 234 198 200 
220 253 253 253 253 253 253 159 253 253 253 253 253 253 81 231 253 253 253 253 253 34 89 89 181 227 253 253 0 0 0 0 14 253 253 0 0 27 125 131 253 199 40 104 210 234 198 200 85 
253 253 253 253 253 253 253 253 253 253 253 253 253 253 231 253 253 253 253 253 253 89 89 181 227 253 253 253 0 0 0 14 253 253 251 0 27 125 131 253 199 84 104 210 234 198 200 85 0 
253 253 253 253 253 253 253 253 253 253 253 253 253 253 253 253 253 253 253 253 240 89 181 227 253 253 253 207 0 0 14 253 253 251 46 27 125 131 253 199 84 0 210 234 198 200 85 0 0 
253 253 253 253 253 253 253 253 253 253 253 253 253 240 253 253 253 253 253 240 166 181 227 253 253 253 207 37 0 14 253 253 251 46 0 125 131 253 199 84 0 0 234 198 200 85 0 0 0 
253 253 253 253 253 253 253 253 253 253 253 253 240 184 253 253 253 253 240 166 0 227 253 253 253 207 37 0 14 253 253 251 46 0 0 131 253 199 84 0 0 0 198 200 85 0 0 0 0 
253 253 253 253 253 253 247 253 253 253 253 240 184 105 253 253 253 240 166 0 0 253 253 253 207 37 0 0 253 253 251 46 0 0 0 253 199 84 0 0 0 0 200 85 0 0 0 0 0 
253 253 253 253 253 247 27 253 253 253 240 184 105 0 253 253 240 166 0 0 0 253 253 207 37 0 0 0 253 251 46 0 0 0 0 199 84 0 0 0 0 0 85 0 0 0 0 0 0 
253 253 253 253 247 27 2 253 253 240 184 105 0 0 253 240 166 0 0 0 0 253 207 37 0 0 0 0 251 46 0 0 0 0 0 84 0 0 0 0 0 0 0 0 0 0 0 0 0 
253 253 253 247 27 2 0 253 240 184 105 0 0 0 240 166 0 0 0 0 0 207 37 0 0 0 0 0 46 0 0 0 0 0 0 0 0 0 0 0 0 0 0 0 0 0 0 0 0 
253 253 247 27 2 0 0 240 184 105 0 0 0 0 166 0 0 0 0 0 0 37 0 0 0 0 0 0 0 0 0 0 0 0 0 0 0 0 0 0 0 0 0 0 0 0 0 0 0 
253 247 27 2 0 0 0 184 105 0 0 0 0 0 0 0 0 0 0 0 0 0 0 0 0 0 0 0 0 0 0 0 0 0 0 0 0 0 0 0 0 0 0 0 0 0 0 0 0 
247 27 2 0 0 0 0 105 0 0 0 0 0 0 0 0 0 0 0 0 0 0 0 0 0 0 0 0 0 0 0 0 0 0 0 0 0 0 0 0 0 0 0 0 0 0 0 0 0 
27 2 0 0 0 0 0 0 0 0 0 0 0 0 0 0 0 0 0 0 0 0 0 0 0 0 0 0 0 0 0 0 0 0 0 0 0 0 0 0 0 0 0 0 0 0 0 0 0 
2 0 0 0 0 0 0 0 0 0 0 0 0 0 0 0 0 0 0 0 0 0 0 0 0 0 0 0 0 0 0 0 0 0 0 0 0 0 0 0 0 0 0 0 0 0 0 0 0 
0 0 0 0 0 0 0 0 0 0 0 0 0 0 0 0 0 0 0 0 0 0 0 0 0 0 0 0 0 0 0 0 0 0 0 0 0 0 0 0 0 0 0 0 0 0 0 0 0 
0 0 0 0 0 0 0 0 0 0 0 0 0 0 0 0 0 0 0 0 0 0 0 0 0 0 0 0 0 0 0 0 0 0 0 0 0 0 0 0 0 0 0 0 0 0 0 0 0 
0 0 0 0 0 0 0 0 0 0 0 0 0 0 0 0 0 0 0 0 0 0 0 0 0 0 0 0 0 0 0 0 0 0 0 0 0 0 0 0 0 0 0 0 0 0 0 0 0 
0 0 0 0 0 0 0 0 0 0 0 0 0 0 0 0 0 0 0 0 0 0 0 0 0 0 0 0 0 0 0 0 0 0 0 0 0 0 0 0 0 0 0 0 0 0 0 0 0 
0 0 0 0 0 0 0 0 0 0 0 0 0 0 0 0 0 0 0 0 0 0 0 0 0 0 0 0 0 0 0 0 0 0 0 0 0 0 0 0 0 0 0 0 0 0 0 0 0 
0 0 0 0 0 0 0 0 0 0 0 0 0 0 0 0 0 0 0 0 0 0 0 0 0 0 0 0 0 0 0 0 0 0 0 0 0 0 0 0 0 0 0 0 0 0 0 0 0 
0 0 0 0 0 0 0 0 0 0 0 0 0 0 0 0 0 0 0 0 0 0 0 0 0 0 0 0 0 0 0 0 0 0 0 0 0 0 0 0 0 0 0 0 0 0 0 0 0 
0 0 0 0 0 0 0 0 0 0 0 0 0 0 0 0 0 0 0 0 0 0 0 0 0 0 0 0 0 0 0 0 0 0 0 0 0 0 0 0 0 0 0 0 0 0 0 0 0 
0 0 0 0 0 0 159 0 0 0 0 0 0 81 0 0 0 0 0 0 34 0 0 0 0 0 0 0 0 0 0 0 0 0 0 0 0 0 0 0 0 40 0 0 0 0 0 0 89 
0 0 0 0 0 159 253 0 0 0 0 0 81 231 0 0 0 0 0 34 89 0 0 0 0 0 0 0 0 0 0 0 0 0 0 0 0 0 0 0 40 104 0 0 0 0 0 89 231 
0 0 0 0 159 253 253 0 0 0 0 81 231 253 0 0 0 0 34 89 89 0 0 0 0 0 0 0 0 0 0 0 0 0 27 0 0 0 0 40 104 210 0 0 0 0 89 231 253 
0 0 0 159 253 253 253 0 0 0 81 231 253 253 0 0 0 34 89 89 181 0 0 0 0 0 0 0 0 0 0 0 0 27 125 0 0 0 40 104 210 234 0 0 0 89 231 253 242 
0 0 159 253 253 253 253 0 0 81 231 253 253 253 0 0 34 89 89 181 227 0 0 0 0 0 0 14 0 0 0 0 27 125 131 0 0 40 104 210 234 198 0 0 89 231 253 242 163 
0 159 253 253 253 253 253 0 81 231 253 253 253 253 0 34 89 89 181 227 253 0 0 0 0 0 14 253 0 0 0 27 125 131 253 0 40 104 210 234 198 200 0 89 231 253 242 163 17 
159 253 253 253 253 253 253 81 231 253 253 253 253 253 34 89 89 181 227 253 253 0 0 0 0 14 253 253 0 0 27 125 131 253 199 40 104 210 234 198 200 85 89 231 253 242 163 17 0 
253 253 253 253 253 253 253 231 253 253 253 253 253 253 89 89 181 227 253 253 253 0 0 0 14 253 253 251 0 27 125 131 253 199 84 104 210 234 198 200 85 0 231 253 242 163 17 0 0 
253 253 253 253 253 253 253 253 253 253 253 253 253 240 89 181 227 253 253 253 207 0 0 14 253 253 251 46 27 125 131 253 199 84 0 210 234 198 200 85 0 0 253 242 163 17 0 0 0 
253 253 253 253 253 253 240 253 253 253 253 253 240 166 181 227 253 253 253 207 37 0 14 253 253 251 46 0 125 131 253 199 84 0 0 234 198 200 85 0 0 0 242 163 17 0 0 0 0 
253 253 253 253 253 240 184 253 253 253 253 240 166 0 227 253 253 253 207 37 0 14 253 253 251 46 0 0 131 253 199 84 0 0 0 198 200 85 0 0 0 0 163 17 0 0 0 0 0 
253 253 253 253 240 184 105 253 253 253 240 166 0 0 253 253 253 207 37 0 0 253 253 251 46 0 0 0 253 199 84 0 0 0 0 200 85 0 0 0 0 0 17 0 0 0 0 0 0 
253 253 253 240 184 105 0 253 253 240 166 0 0 0 253 253 207 37 0 0 0 253 251 46 0 0 0 0 199 84 0 0 0 0 0 85 0 0 0 0 0 0 0 0 0 0 0 0 0 
253 253 240 184 105 0 0 253 240 166 0 0 0 0 253 207 37 0 0 0 0 251 46 0 0 0 0 0 84 0 0 0 0 0 0 0 0 0 0 0 0 0 0 0 0 0 0 0 0 
253 240 184 105 0 0 0 240 166 0 0 0 0 0 207 37 0 0 0 0 0 46 0 0 0 0 0 0 0 0 0 0 0 0 0 0 0 0 0 0 0 0 0 0 0 0 0 0 0 
240 184 105 0 0 0 0 166 0 0 0 0 0 0 37 0 0 0 0 0 0 0 0 0 0 0 0 0 0 0 0 0 0 0 0 0 0 0 0 0 0 0 0 0 0 0 0 0 0 
184 105 0 0 0 0 0 0 0 0 0 0 0 0 0 0 0 0 0 0 0 0 0 0 0 0 0 0 0 0 0 0 0 0 0 0 0 0 0 0 0 0 0 0 0 0 0 0 0 
105 0 0 0 0 0 0 0 0 0 0 0 0 0 0 0 0 0 0 0 0 0 0 0 0 0 0 0 0 0 0 0 0 0 0 0 0 0 0 0 0 0 0 0 0 0 0 0 0 
0 0 0 0 0 0 0 0 0 0 0 0 0 0 0 0 0 0 0 0 0 0 0 0 0 0 0 0 0 0 0 0 0 0 0 0 0 0 0 0 0 0 0 0 0 0 0 0 0 
0 0 0 0 0 0 0 0 0 0 0 0 0 0 0 0 0 0 0 0 0 0 0 0 0 0 0 0 0 0 0 0 0 0 0 0 0 0 0 0 0 0 0 0 0 0 0 0 0 
0 0 0 0 0 0 0 0 0 0 0 0 0 0 0 0 0 0 0 0 0 0 0 0 0 0 0 0 0 0 0 0 0 0 0 0 0 0 0 0 0 0 0 0 0 0 0 0 0 
0 0 0 0 0 0 0 0 0 0 0 0 0 0 0 0 0 0 0 0 0 0 0 0 0 0 0 0 0 0 0 0 0 0 0 0 0 0 0 0 0 0 0 0 0 0 0 0 0 
0 0 0 0 0 0 0 0 0 0 0 0 0 0 0 0 0 0 0 0 0 0 0 0 0 0 0 0 0 0 0 0 0 0 0 0 0 0 0 0 0 0 0 0 0 0 0 0 0 
0 0 0 0 0 0 0 0 0 0 0 0 0 0 0 0 0 0 0 0 0 0 0 0 0 0 0 0 0 0 0 0 0 0 0 0 0 0 0 0 0 0 0 0 0 0 0 0 0 
0 0 0 0 0 0 0 0 0 0 0 0 0 0 0 0 0 0 0 0 0 0 0 0 0 0 0 0 0 0 0 0 0 0 0 0 0 0 0 0 0 0 0 0 0 0 0 0 0 
0 0 0 0 0 0 0 0 0 0 0 0 0 0 0 0 0 0 0 0 0 0 0 0 0 0 0 0 0 0 0 0 0 0 0 0 0 0 0 0 0 0 0 0 0 0 0 0 0 
0 0 0 0 0 0 0 0 0 0 0 0 0 0 0 0 0 0 0 0 0 0 0 0 0 0 0 0 0 0 0 0 0 0 0 0 0 0 0 0 0 0 0 0 0 0 0 0 0 
0 0 0 0 0 0 0 0 0 0 0 0 0 0 0 0 0 0 0 0 0 0 0 0 0 0 0 0 0 0 0 0 0 0 0 0 0 0 0 0 0 0 0 0 0 0 0 0 63 
0 0 0 0 0 0 81 0 0 0 0 0 0 34 0 0 0 0 0 0 0 0 0 0 0 0 0 0 0 0 0 0 0 0 40 0 0 0 0 0 0 89 0 0 0 0 0 63 164 
0 0 0 0 0 81 231 0 0 0 0 0 34 89 0 0 0 0 0 0 0 0 0 0 0 0 0 0 0 0 0 0 0 40 104 0 0 0 0 0 89 231 0 0 0 0 63 164 253 
0 0 0 0 81 231 253 0 0 0 0 34 89 89 0 0 0 0 0 0 0 0 0 0 0 0 0 27 0 0 0 0 40 104 210 0 0 0 0 89 231 253 0 0 0 63 164 253 253 
0 0 0 81 231 253 253 0 0 0 34 89 89 181 0 0 0 0 0 0 0 0 0 0 0 0 27 125 0 0 0 40 104 210 234 0 0 0 89 231 253 242 0 0 63 164 253 253 237 
0 0 81 231 253 253 253 0 0 34 89 89 181 227 0 0 0 0 0 0 14 0 0 0 0 27 125 131 0 0 40 104 210 234 198 0 0 89 231 253 242 163 0 63 164 253 253 237 56 
0 81 231 253 253 253 253 0 34 89 89 181 227 253 0 0 0 0 0 14 253 0 0 0 27 125 131 253 0 40 104 210 234 198 200 0 89 231 253 242 163 17 63 164 253 253 237 56 0 
81 231 253 253 253 253 253 34 89 89 181 227 253 253 0 0 0 0 14 253 253 0 0 27 125 131 253 199 40 104 210 234 198 200 85 89 231 253 242 163 17 0 164 253 253 237 56 0 0 
231 253 253 253 253 253 253 89 89 181 227 253 253 253 0 0 0 14 253 253 251 0 27 125 131 253 199 84 104 210 234 198 200 85 0 231 253 242 163 17 0 0 253 253 237 56 0 0 0 
253 253 253 253 253 253 240 89 181 227 253 253 253 207 0 0 14 253 253 251 46 27 125 131 253 199 84 0 210 234 198 200 85 0 0 253 242 163 17 0 0 0 253 237 56 0 0 0 0 
253 253 253 253 253 240 166 181 227 253 253 253 207 37 0 14 253 253 251 46 0 125 131 253 199 84 0 0 234 198 200 85 0 0 0 242 163 17 0 0 0 0 237 56 0 0 0 0 0 
253 253 253 253 240 166 0 227 253 253 253 207 37 0 14 253 253 251 46 0 0 131 253 199 84 0 0 0 198 200 85 0 0 0 0 163 17 0 0 0 0 0 56 0 0 0 0 0 0 
253 253 253 240 166 0 0 253 253 253 207 37 0 0 253 253 251 46 0 0 0 253 199 84 0 0 0 0 200 85 0 0 0 0 0 17 0 0 0 0 0 0 0 0 0 0 0 0 0 
253 253 240 166 0 0 0 253 253 207 37 0 0 0 253 251 46 0 0 0 0 199 84 0 0 0 0 0 85 0 0 0 0 0 0 0 0 0 0 0 0 0 0 0 0 0 0 0 0 
253 240 166 0 0 0 0 253 207 37 0 0 0 0 251 46 0 0 0 0 0 84 0 0 0 0 0 0 0 0 0 0 0 0 0 0 0 0 0 0 0 0 0 0 0 0 0 0 0 
240 166 0 0 0 0 0 207 37 0 0 0 0 0 46 0 0 0 0 0 0 0 0 0 0 0 0 0 0 0 0 0 0 0 0 0 0 0 0 0 0 0 0 0 0 0 0 0 0 
166 0 0 0 0 0 0 37 0 0 0 0 0 0 0 0 0 0 0 0 0 0 0 0 0 0 0 0 0 0 0 0 0 0 0 0 0 0 0 0 0 0 0 0 0 0 0 0 0 
0 0 0 0 0 0 0 0 0 0 0 0 0 0 0 0 0 0 0 0 0 0 0 0 0 0 0 0 0 0 0 0 0 0 0 0 0 0 0 0 0 0 0 0 0 0 0 0 0 
0 0 0 0 0 0 0 0 0 0 0 0 0 0 0 0 0 0 0 0 0 0 0 0 0 0 0 0 0 0 0 0 0 0 0 0 0 0 0 0 0 0 0 0 0 0 0 0 0 
0 0 0 0 0 0 0 0 0 0 0 0 0 0 0 0 0 0 0 0 0 0 0 0 0 0 0 0 0 0 0 0 0 0 0 0 0 0 0 0 0 0 0 0 0 0 0 0 0 
0 0 0 0 0 0 0 0 0 0 0 0 0 0 0 0 0 0 0 0 0 0 0 0 0 0 0 0 0 0 0 0 0 0 0 0 0 0 0 0 0 0 0 0 0 0 0 0 0 
0 0 0 0 0 0 0 0 0 0 0 0 0 0 0 0 0 0 0 0 0 0 0 0 0 0 0 0 0 0 0 0 0 0 0 0 0 0 0 0 0 0 0 0 0 0 0 0 0 
0 0 0 0 0 0 0 0 0 0 0 0 0 0 0 0 0 0 0 0 0 0 0 0 0 0 0 0 0 0 0 0 0 0 0 0 0 0 0 0 0 0 0 0 0 0 0 0 0 
0 0 0 0 0 0 0 0 0 0 0 0 0 0 0 0 0 0 0 0 0 0 0 0 0 0 0 0 0 0 0 0 0 0 0 0 0 0 0 0 0 0 0 0 0 0 0 0 0 
0 0 0 0 0 0 0 0 0 0 0 0 0 0 0 0 0 0 0 0 0 0 0 0 0 0 0 0 0 0 0 0 0 0 0 0 0 0 0 0 0 0 0 0 0 0 0 0 0 
0 0 0 0 0 0 0 0 0 0 0 0 0 0 0 0 0 0 0 0 0 0 0 0 0 0 0 0 0 0 0 0 0 0 0 0 0 0 0 0 0 0 0 0 0 0 0 0 0 
0 0 0 0 0 0 0 0 0 0 0 0 0 0 0 0 0 0 0 0 0 0 0 0 0 0 0 0 0 0 0 0 0 0 0 0 0 0 0 0 0 0 0 0 0 0 0 0 0 
0 0 0 0 0 0 0 0 0 0 0 0 0 0 0 0 0 0 0 0 0 0 0 0 0 0 0 0 0 0 0 0 0 0 0 0 0 0 0 0 0 0 0 0 0 0 0 0 0 
0 0 0 0 0 0 0 0 0 0 0 0 0 0 0 0 0 0 0 0 0 0 0 0 0 0 0 0 0 0 0 0 0 0 0 0 0 0 0 0 0 63 0 0 0 0 0 0 254 
0 0 0 0 0 0 34 0 0 0 0 0 0 0 0 0 0 0 0 0 0 0 0 0 0 0 0 40 0 0 0 0 0 0 89 0 0 0 0 0 63 164 0 0 0 0 0 254 253 
0 0 0 0 0 34 89 0 0 0 0 0 0 0 0 0 0 0 0 0 0 0 0 0 0 0 40 104 0 0 0 0 0 89 231 0 0 0 0 63 164 253 0 0 0 0 254 253 253 
0 0 0 0 34 89 89 0 0 0 0 0 0 0 0 0 0 0 0 0 27 0 0 0 0 40 104 210 0 0 0 0 89 231 253 0 0 0 63 164 253 253 0 0 0 254 253 253 244 
0 0 0 34 89 89 181 0 0 0 0 0 0 0 0 0 0 0 0 27 125 0 0 0 40 104 210 234 0 0 0 89 231 253 242 0 0 63 164 253 253 237 0 0 254 253 253 244 183 
0 0 34 89 89 181 227 0 0 0 0 0 0 14 0 0 0 0 27 125 131 0 0 40 104 210 234 198 0 0 89 231 253 242 163 0 63 164 253 253 237 56 0 254 253 253 244 183 0 
0 34 89 89 181 227 253 0 0 0 0 0 14 253 0 0 0 27 125 131 253 0 40 104 210 234 198 200 0 89 231 253 242 163 17 63 164 253 253 237 56 0 254 253 253 244 183 0 0 
34 89 89 181 227 253 253 0 0 0 0 14 253 253 0 0 27 125 131 253 199 40 104 210 234 198 200 85 89 231 253 242 163 17 0 164 253 253 237 56 0 0 253 253 244 183 0 0 0 
89 89 181 227 253 253 253 0 0 0 14 253 253 251 0 27 125 131 253 199 84 104 210 234 198 200 85 0 231 253 242 163 17 0 0 253 253 237 56 0 0 0 253 244 183 0 0 0 0 
89 181 227 253 253 253 207 0 0 14 253 253 251 46 27 125 131 253 199 84 0 210 234 198 200 85 0 0 253 242 163 17 0 0 0 253 237 56 0 0 0 0 244 183 0 0 0 0 0 
181 227 253 253 253 207 37 0 14 253 253 251 46 0 125 131 253 199 84 0 0 234 198 200 85 0 0 0 242 163 17 0 0 0 0 237 56 0 0 0 0 0 183 0 0 0 0 0 0 
227 253 253 253 207 37 0 14 253 253 251 46 0 0 131 253 199 84 0 0 0 198 200 85 0 0 0 0 163 17 0 0 0 0 0 56 0 0 0 0 0 0 0 0 0 0 0 0 0 
253 253 253 207 37 0 0 253 253 251 46 0 0 0 253 199 84 0 0 0 0 200 85 0 0 0 0 0 17 0 0 0 0 0 0 0 0 0 0 0 0 0 0 0 0 0 0 0 0 
253 253 207 37 0 0 0 253 251 46 0 0 0 0 199 84 0 0 0 0 0 85 0 0 0 0 0 0 0 0 0 0 0 0 0 0 0 0 0 0 0 0 0 0 0 0 0 0 0 
253 207 37 0 0 0 0 251 46 0 0 0 0 0 84 0 0 0 0 0 0 0 0 0 0 0 0 0 0 0 0 0 0 0 0 0 0 0 0 0 0 0 0 0 0 0 0 0 0 
207 37 0 0 0 0 0 46 0 0 0 0 0 0 0 0 0 0 0 0 0 0 0 0 0 0 0 0 0 0 0 0 0 0 0 0 0 0 0 0 0 0 0 0 0 0 0 0 0 
37 0 0 0 0 0 0 0 0 0 0 0 0 0 0 0 0 0 0 0 0 0 0 0 0 0 0 0 0 0 0 0 0 0 0 0 0 0 0 0 0 0 0 0 0 0 0 0 0 
0 0 0 0 0 0 0 0 0 0 0 0 0 0 0 0 0 0 0 0 0 0 0 0 0 0 0 0 0 0 0 0 0 0 0 0 0 0 0 0 0 0 0 0 0 0 0 0 0 
0 0 0 0 0 0 0 0 0 0 0 0 0 0 0 0 0 0 0 0 0 0 0 0 0 0 0 0 0 0 0 0 0 0 0 0 0 0 0 0 0 0 0 0 0 0 0 0 0 
0 0 0 0 0 0 0 0 0 0 0 0 0 0 0 0 0 0 0 0 0 0 0 0 0 0 0 0 0 0 0 0 0 0 0 0 0 0 0 0 0 0 0 0 0 0 0 0 0 
0 0 0 0 0 0 0 0 0 0 0 0 0 0 0 0 0 0 0 0 0 0 0 0 0 0 0 0 0 0 0 0 0 0 0 0 0 0 0 0 0 0 0 0 0 0 0 0 0 
0 0 0 0 0 0 0 0 0 0 0 0 0 0 0 0 0 0 0 0 0 0 0 0 0 0 0 0 0 0 0 0 0 0 0 0 0 0 0 0 0 0 0 0 0 0 0 0 0 
0 0 0 0 0 0 0 0 0 0 0 0 0 0 0 0 0 0 0 0 0 0 0 0 0 0 0 0 0 0 0 0 0 0 0 0 0 0 0 0 0 0 0 0 0 0 0 0 0 
0 0 0 0 0 0 0 0 0 0 0 0 0 0 0 0 0 0 0 0 0 0 0 0 0 0 0 0 0 0 0 0 0 0 0 0 0 0 0 0 0 0 0 0 0 0 0 0 0 
0 0 0 0 0 0 0 0 0 0 0 0 0 0 0 0 0 0 0 0 0 0 0 0 0 0 0 0 0 0 0 0 0 0 0 0 0 0 0 0 0 0 0 0 0 0 0 0 0 
0 0 0 0 0 0 0 0 0 0 0 0 0 0 0 0 0 0 0 0 0 0 0 0 0 0 0 0 0 0 0 0 0 0 0 0 0 0 0 0 0 0 0 0 0 0 0 0 0 
0 0 0 0 0 0 0 0 0 0 0 0 0 0 0 0 0 0 0 0 0 0 0 0 0 0 0 0 0 0 0 0 0 0 0 0 0 0 0 0 0 0 0 0 0 0 0 0 0 
0 0 0 0 0 0 0 0 0 0 0 0 0 0 0 0 0 0 0 0 0 0 0 0 0 0 0 0 0 0 0 0 0 0 0 0 0 0 0 0 0 0 0 0 0 0 0 0 0 
0 0 0 0 0 0 0 0 0 0 0 0 0 0 0 0 0 0 0 0 0 0 0 0 0 0 0 0 0 0 0 0 0 0 63 0 0 0 0 0 0 254 0 0 0 0 0 0 159 
0 0 0 0 0 0 0 0 0 0 0 0 0 0 0 0 0 0 0 0 40 0 0 0 0 0 0 89 0 0 0 0 0 63 164 0 0 0 0 0 254 253 0 0 0 0 0 159 252 
0 0 0 0 0 0 0 0 0 0 0 0 0 0 0 0 0 0 0 40 104 0 0 0 0 0 89 231 0 0 0 0 63 164 253 0 0 0 0 254 253 253 0 0 0 0 159 252 253 
0 0 0 0 0 0 0 0 0 0 0 0 0 27 0 0 0 0 40 104 210 0 0 0 0 89 231 253 0 0 0 63 164 253 253 0 0 0 254 253 253 244 0 0 0 159 252 253 113 
0 0 0 0 0 0 0 0 0 0 0 0 27 125 0 0 0 40 104 210 234 0 0 0 89 231 253 242 0 0 63 164 253 253 237 0 0 254 253 253 244 183 0 0 159 252 253 113 0 
0 0 0 0 0 0 14 0 0 0 0 27 125 131 0 0 40 104 210 234 198 0 0 89 231 253 242 163 0 63 164 253 253 237 56 0 254 253 253 244 183 0 0 159 252 253 113 0 0 
0 0 0 0 0 14 253 0 0 0 27 125 131 253 0 40 104 210 234 198 200 0 89 231 253 242 163 17 63 164 253 253 237 56 0 254 253 253 244 183 0 0 159 252 253 113 0 0 0 
0 0 0 0 14 253 253 0 0 27 125 131 253 199 40 104 210 234 198 200 85 89 231 253 242 163 17 0 164 253 253 237 56 0 0 253 253 244 183 0 0 0 252 253 113 0 0 0 0 
0 0 0 14 253 253 251 0 27 125 131 253 199 84 104 210 234 198 200 85 0 231 253 242 163 17 0 0 253 253 237 56 0 0 0 253 244 183 0 0 0 0 253 113 0 0 0 0 0 
0 0 14 253 253 251 46 27 125 131 253 199 84 0 210 234 198 200 85 0 0 253 242 163 17 0 0 0 253 237 56 0 0 0 0 244 183 0 0 0 0 0 113 0 0 0 0 0 0 
0 14 253 253 251 46 0 125 131 253 199 84 0 0 234 198 200 85 0 0 0 242 163 17 0 0 0 0 237 56 0 0 0 0 0 183 0 0 0 0 0 0 0 0 0 0 0 0 0 
14 253 253 251 46 0 0 131 253 199 84 0 0 0 198 200 85 0 0 0 0 163 17 0 0 0 0 0 56 0 0 0 0 0 0 0 0 0 0 0 0 0 0 0 0 0 0 0 0 
253 253 251 46 0 0 0 253 199 84 0 0 0 0 200 85 0 0 0 0 0 17 0 0 0 0 0 0 0 0 0 0 0 0 0 0 0 0 0 0 0 0 0 0 0 0 0 0 0 
253 251 46 0 0 0 0 199 84 0 0 0 0 0 85 0 0 0 0 0 0 0 0 0 0 0 0 0 0 0 0 0 0 0 0 0 0 0 0 0 0 0 0 0 0 0 0 0 0 
251 46 0 0 0 0 0 84 0 0 0 0 0 0 0 0 0 0 0 0 0 0 0 0 0 0 0 0 0 0 0 0 0 0 0 0 0 0 0 0 0 0 0 0 0 0 0 0 0 
46 0 0 0 0 0 0 0 0 0 0 0 0 0 0 0 0 0 0 0 0 0 0 0 0 0 0 0 0 0 0 0 0 0 0 0 0 0 0 0 0 0 0 0 0 0 0 0 0 
0 0 0 0 0 0 0 0 0 0 0 0 0 0 0 0 0 0 0 0 0 0 0 0 0 0 0 0 0 0 0 0 0 0 0 0 0 0 0 0 0 0 0 0 0 0 0 0 0 
0 0 0 0 0 0 0 0 0 0 0 0 0 0 0 0 0 0 0 0 0 0 0 0 0 0 0 0 0 0 0 0 0 0 0 0 0 0 0 0 0 0 0 0 0 0 0 0 0 
0 0 0 0 0 0 0 0 0 0 0 0 0 0 0 0 0 0 0 0 0 0 0 0 0 0 0 0 0 0 0 0 0 0 0 0 0 0 0 0 0 0 0 0 0 0 0 0 0 
0 0 0 0 0 0 0 0 0 0 0 0 0 0 0 0 0 0 0 0 0 0 0 0 0 0 0 0 0 0 0 0 0 0 0 0 0 0 0 0 0 0 0 0 0 0 0 0 0 
0 0 0 0 0 0 0 0 0 0 0 0 0 0 0 0 0 0 0 0 0 0 0 0 0 0 0 0 0 0 0 0 0 0 0 0 0 0 0 0 0 0 0 0 0 0 0 0 0 
0 0 0 0 0 0 0 0 0 0 0 0 0 0 0 0 0 0 0 0 0 0 0 0 0 0 0 0 0 0 0 0 0 0 0 0 0 0 0 0 0 0 0 0 0 0 0 0 0 
0 0 0 0 0 0 0 0 0 0 0 0 0 0 0 0 0 0 0 0 0 0 0 0 0 0 0 0 0 0 0 0 0 0 0 0 0 0 0 0 0 0 0 0 0 0 0 0 0 
0 0 0 0 0 0 0 0 0 0 0 0 0 0 0 0 0 0 0 0 0 0 0 0 0 0 0 0 0 0 0 0 0 0 0 0 0 0 0 0 0 0 0 0 0 0 0 0 0 
0 0 0 0 0 0 0 0 0 0 0 0 0 0 0 0 0 0 0 0 0 0 0 0 0 0 0 0 0 0 0 0 0 0 0 0 0 0 0 0 0 0 0 0 0 0 0 0 0 
0 0 0 0 0 0 0 0 0 0 0 0 0 0 0 0 0 0 0 0 0 0 0 0 0 0 0 0 0 0 0 0 0 0 0 0 0 0 0 0 0 0 0 0 0 0 0 0 0 
0 0 0 0 0 0 0 0 0 0 0 0 0 0 0 0 0 0 0 0 0 0 0 0 0 0 0 0 0 0 0 0 0 0 0 0 0 0 0 0 0 0 0 0 0 0 0 0 0 
0 0 0 0 0 0 0 0 0 0 0 0 0 0 0 0 0 0 0 0 0 0 0 0 0 0 0 0 0 0 0 0 0 0 0 0 0 0 0 0 0 0 0 0 0 0 0 0 0 
0 0 0 0 0 0 0 0 0 0 0 0 0 0 0 0 0 0 0 0 0 0 0 0 0 0 0 63 0 0 0 0 0 0 254 0 0 0 0 0 0 159 0 0 0 0 0 0 0 
0 0 0 0 0 0 0 0 0 0 0 0 0 40 0 0 0 0 0 0 89 0 0 0 0 0 63 164 0 0 0 0 0 254 253 0 0 0 0 0 159 252 0 0 0 0 0 0 107 
0 0 0 0 0 0 0 0 0 0 0 0 40 104 0 0 0 0 0 89 231 0 0 0 0 63 164 253 0 0 0 0 254 253 253 0 0 0 0 159 252 253 0 0 0 0 0 107 116 
0 0 0 0 0 0 27 0 0 0 0 40 104 210 0 0 0 0 89 231 253 0 0 0 63 164 253 253 0 0 0 254 253 253 244 0 0 0 159 252 253 113 0 0 0 0 107 116 28 
0 0 0 0 0 27 125 0 0 0 40 104 210 234 0 0 0 89 231 253 242 0 0 63 164 253 253 237 0 0 254 253 253 244 183 0 0 159 252 253 113 0 0 0 0 107 116 28 0 
0 0 0 0 27 125 131 0 0 40 104 210 234 198 0 0 89 231 253 242 163 0 63 164 253 253 237 56 0 254 253 253 244 183 0 0 159 252 253 113 0 0 0 0 107 116 28 0 0 
0 0 0 27 125 131 253 0 40 104 210 234 198 200 0 89 231 253 242 163 17 63 164 253 253 237 56 0 254 253 253 244 183 0 0 159 252 253 113 0 0 0 0 107 116 28 0 0 0 
0 0 27 125 131 253 199 40 104 210 234 198 200 85 89 231 253 242 163 17 0 164 253 253 237 56 0 0 253 253 244 183 0 0 0 252 253 113 0 0 0 0 107 116 28 0 0 0 0 
0 27 125 131 253 199 84 104 210 234 198 200 85 0 231 253 242 163 17 0 0 253 253 237 56 0 0 0 253 244 183 0 0 0 0 253 113 0 0 0 0 0 116 28 0 0 0 0 0 
27 125 131 253 199 84 0 210 234 198 200 85 0 0 253 242 163 17 0 0 0 253 237 56 0 0 0 0 244 183 0 0 0 0 0 113 0 0 0 0 0 0 28 0 0 0 0 0 0 
125 131 253 199 84 0 0 234 198 200 85 0 0 0 242 163 17 0 0 0 0 237 56 0 0 0 0 0 183 0 0 0 0 0 0 0 0 0 0 0 0 0 0 0 0 0 0 0 0 
131 253 199 84 0 0 0 198 200 85 0 0 0 0 163 17 0 0 0 0 0 56 0 0 0 0 0 0 0 0 0 0 0 0 0 0 0 0 0 0 0 0 0 0 0 0 0 0 0 
253 199 84 0 0 0 0 200 85 0 0 0 0 0 17 0 0 0 0 0 0 0 0 0 0 0 0 0 0 0 0 0 0 0 0 0 0 0 0 0 0 0 0 0 0 0 0 0 0 
199 84 0 0 0 0 0 85 0 0 0 0 0 0 0 0 0 0 0 0 0 0 0 0 0 0 0 0 0 0 0 0 0 0 0 0 0 0 0 0 0 0 0 0 0 0 0 0 0 
84 0 0 0 0 0 0 0 0 0 0 0 0 0 0 0 0 0 0 0 0 0 0 0 0 0 0 0 0 0 0 0 0 0 0 0 0 0 0 0 0 0 0 0 0 0 0 0 0 
0 0 0 0 0 0 0 0 0 0 0 0 0 0 0 0 0 0 0 0 0 0 0 0 0 0 0 0 0 0 0 0 0 0 0 0 0 0 0 0 0 0 0 0 0 0 0 0 0 
0 0 0 0 0 0 0 0 0 0 0 0 0 0 0 0 0 0 0 0 0 0 0 0 0 0 0 0 0 0 0 0 0 0 0 0 0 0 0 0 0 0 0 0 0 0 0 0 0 
0 0 0 0 0 0 0 0 0 0 0 0 0 0 0 0 0 0 0 0 0 0 0 0 0 0 0 0 0 0 0 0 0 0 0 0 0 0 0 0 0 0 0 0 0 0 0 0 0 
0 0 0 0 0 0 0 0 0 0 0 0 0 0 0 0 0 0 0 0 0 0 0 0 0 0 0 0 0 0 0 0 0 0 0 0 0 0 0 0 0 0 0 0 0 0 0 0 0 
0 0 0 0 0 0 0 0 0 0 0 0 0 0 0 0 0 0 0 0 0 0 0 0 0 0 0 0 0 0 0 0 0 0 0 0 0 0 0 0 0 0 0 0 0 0 0 0 0 
0 0 0 0 0 0 0 0 0 0 0 0 0 0 0 0 0 0 0 0 0 0 0 0 0 0 0 0 0 0 0 0 0 0 0 0 0 0 0 0 0 0 0 0 0 0 0 0 0 
0 0 0 0 0 0 0 0 0 0 0 0 0 0 0 0 0 0 0 0 0 0 0 0 0 0 0 0 0 0 0 0 0 0 0 0 0 0 0 0 0 0 0 0 0 0 0 0 0 
0 0 0 0 0 0 0 0 0 0 0 0 0 0 0 0 0 0 0 0 0 0 0 0 0 0 0 0 0 0 0 0 0 0 0 0 0 0 0 0 0 0 0 0 0 0 0 0 0 
0 0 0 0 0 0 0 0 0 0 0 0 0 0 0 0 0 0 0 0 0 0 0 0 0 0 0 0 0 0 0 0 0 0 0 0 0 0 0 0 0 0 0 0 0 0 0 0 0 
0 0 0 0 0 0 0 0 0 0 0 0 0 0 0 0 0 0 0 0 0 0 0 0 0 0 0 0 0 0 0 0 0 0 0 0 0 0 0 0 0 0 0 0 0 0 0 0 0 
0 0 0 0 0 0 0 0 0 0 0 0 0 0 0 0 0 0 0 0 0 0 0 0 0 0 0 0 0 0 0 0 0 0 0 0 0 0 0 0 0 0 0 0 0 0 0 0 0 
0 0 0 0 0 0 0 0 0 0 0 0 0 0 0 0 0 0 0 0 0 0 0 0 0 0 0 0 0 0 0 0 0 0 0 0 0 0 0 0 0 0 0 0 0 0 0 0 0 
0 0 0 0 0 0 0 0 0 0 0 0 0 0 0 0 0 0 0 0 0 0 0 0 0 0 0 0 0 0 0 0 0 0 0 0 0 0 0 0 0 0 0 0 0 0 0 0 0 
0 0 0 0 0 0 0 0 0 0 0 0 0 0 0 0 0 0 0 0 63 0 0 0 0 0 0 254 0 0 0 0 0 0 159 0 0 0 0 0 0 0 0 0 0 0 0 0 0 
0 0 0 0 0 0 40 0 0 0 0 0 0 89 0 0 0 0 0 63 164 0 0 0 0 0 254 253 0 0 0 0 0 159 252 0 0 0 0 0 0 107 0 0 0 0 0 0 0 
0 0 0 0 0 40 104 0 0 0 0 0 89 231 0 0 0 0 63 164 253 0 0 0 0 254 253 253 0 0 0 0 159 252 253 0 0 0 0 0 107 116 0 0 0 0 0 0 0 
0 0 0 0 40 104 210 0 0 0 0 89 231 253 0 0 0 63 164 253 253 0 0 0 254 253 253 244 0 0 0 159 252 253 113 0 0 0 0 107 116 28 0 0 0 0 0 0 0 
0 0 0 40 104 210 234 0 0 0 89 231 253 242 0 0 63 164 253 253 237 0 0 254 253 253 244 183 0 0 159 252 253 113 0 0 0 0 107 116 28 0 0 0 0 0 0 0 0 
0 0 40 104 210 234 198 0 0 89 231 253 242 163 0 63 164 253 253 237 56 0 254 253 253 244 183 0 0 159 252 253 113 0 0 0 0 107 116 28 0 0 0 0 0 0 0 0 0 
0 40 104 210 234 198 200 0 89 231 253 242 163 17 63 164 253 253 237 56 0 254 253 253 244 183 0 0 159 252 253 113 0 0 0 0 107 116 28 0 0 0 0 0 0 0 0 0 0 
40 104 210 234 198 200 85 89 231 253 242 163 17 0 164 253 253 237 56 0 0 253 253 244 183 0 0 0 252 253 113 0 0 0 0 107 116 28 0 0 0 0 0 0 0 0 0 0 0 
104 210 234 198 200 85 0 231 253 242 163 17 0 0 253 253 237 56 0 0 0 253 244 183 0 0 0 0 253 113 0 0 0 0 0 116 28 0 0 0 0 0 0 0 0 0 0 0 0 
210 234 198 200 85 0 0 253 242 163 17 0 0 0 253 237 56 0 0 0 0 244 183 0 0 0 0 0 113 0 0 0 0 0 0 28 0 0 0 0 0 0 0 0 0 0 0 0 0 
234 198 200 85 0 0 0 242 163 17 0 0 0 0 237 56 0 0 0 0 0 183 0 0 0 0 0 0 0 0 0 0 0 0 0 0 0 0 0 0 0 0 0 0 0 0 0 0 0 
198 200 85 0 0 0 0 163 17 0 0 0 0 0 56 0 0 0 0 0 0 0 0 0 0 0 0 0 0 0 0 0 0 0 0 0 0 0 0 0 0 0 0 0 0 0 0 0 0 
200 85 0 0 0 0 0 17 0 0 0 0 0 0 0 0 0 0 0 0 0 0 0 0 0 0 0 0 0 0 0 0 0 0 0 0 0 0 0 0 0 0 0 0 0 0 0 0 0 
85 0 0 0 0 0 0 0 0 0 0 0 0 0 0 0 0 0 0 0 0 0 0 0 0 0 0 0 0 0 0 0 0 0 0 0 0 0 0 0 0 0 0 0 0 0 0 0 0 
0 0 0 0 0 0 0 0 0 0 0 0 0 0 0 0 0 0 0 0 0 0 0 0 0 0 0 0 0 0 0 0 0 0 0 0 0 0 0 0 0 0 0 0 0 0 0 0 0 
0 0 0 0 0 0 0 0 0 0 0 0 0 0 0 0 0 0 0 0 0 0 0 0 0 0 0 0 0 0 0 0 0 0 0 0 0 0 0 0 0 0 0 0 0 0 0 0 0 
0 0 0 0 0 0 0 0 0 0 0 0 0 0 0 0 0 0 0 0 0 0 0 0 0 0 0 0 0 0 0 0 0 0 0 0 0 0 0 0 0 0 0 0 0 0 0 0 0 
0 0 0 0 0 0 0 0 0 0 0 0 0 0 0 0 0 0 0 0 0 0 0 0 0 0 0 0 0 0 0 0 0 0 0 0 0 0 0 0 0 0 0 0 0 0 0 0 0 
0 0 0 0 0 0 0 0 0 0 0 0 0 0 0 0 0 0 0 0 0 0 0 0 0 0 0 0 0 0 0 0 0 0 0 0 0 0 0 0 0 0 0 0 0 0 0 0 0 
0 0 0 0 0 0 0 0 0 0 0 0 0 0 0 0 0 0 0 0 0 0 0 0 0 0 0 0 0 0 0 0 0 0 0 0 0 0 0 0 0 0 0 0 0 0 0 0 0 
0 0 0 0 0 0 0 0 0 0 0 0 0 0 0 0 0 0 0 0 0 0 0 0 0 0 0 0 0 0 0 0 0 0 0 0 0 0 0 0 0 0 0 0 0 0 0 0 0 
0 0 0 0 0 0 0 0 0 0 0 0 0 0 0 0 0 0 0 0 0 0 0 0 0 0 0 0 0 0 0 0 0 0 0 0 0 0 0 0 0 0 0 0 0 0 0 0 0 
0 0 0 0 0 0 0 0 0 0 0 0 0 0 0 0 0 0 0 0 0 0 0 0 0 0 0 0 0 0 0 0 0 0 0 0 0 0 0 0 0 0 0 0 0 0 0 0 0 
0 0 0 0 0 0 0 0 0 0 0 0 0 0 0 0 0 0 0 0 0 0 0 0 0 0 0 0 0 0 0 0 0 0 0 0 0 0 0 0 0 0 0 0 0 0 0 0 0 
0 0 0 0 0 0 0 0 0 0 0 0 0 0 0 0 0 0 0 0 0 0 0 0 0 0 0 0 0 0 0 0 0 0 0 0 0 0 0 0 0 0 0 0 0 0 0 0 0 
0 0 0 0 0 0 0 0 0 0 0 0 0 0 0 0 0 0 0 0 0 0 0 0 0 0 0 0 0 0 0 0 0 0 0 0 0 0 0 0 0 0 0 0 0 0 0 0 0 
0 0 0 0 0 0 0 0 0 0 0 0 0 0 0 0 0 0 0 0 0 0 0 0 0 0 0 0 0 0 0 0 0 0 0 0 0 0 0 0 0 0 0 0 0 0 0 0 0 
0 0 0 0 0 0 0 0 0 0 0 0 0 0 0 0 0 0 0 0 0 0 0 0 0 0 0 0 0 0 0 0 0 0 0 0 0 0 0 0 0 0 0 0 0 0 0 0 0 
0 0 0 0 0 0 0 0 0 0 0 0 0 63 0 0 0 0 0 0 254 0 0 0 0 0 0 159 0 0 0 0 0 0 0 0 0 0 0 0 0 0 0 0 0 0 0 0 0 
0 0 0 0 0 0 89 0 0 0 0 0 63 164 0 0 0 0 0 254 253 0 0 0 0 0 159 252 0 0 0 0 0 0 107 0 0 0 0 0 0 0 0 0 0 0 0 0 0 
0 0 0 0 0 89 231 0 0 0 0 63 164 253 0 0 0 0 254 253 253 0 0 0 0 159 252 253 0 0 0 0 0 107 116 0 0 0 0 0 0 0 0 0 0 0 0 0 0 
0 0 0 0 89 231 253 0 0 0 63 164 253 253 0 0 0 254 253 253 244 0 0 0 159 252 253 113 0 0 0 0 107 116 28 0 0 0 0 0 0 0 0 0 0 0 0 0 0 
0 0 0 89 231 253 242 0 0 63 164 253 253 237 0 0 254 253 253 244 183 0 0 159 252 253 113 0 0 0 0 107 116 28 0 0 0 0 0 0 0 0 0 0 0 0 0 0 0 
0 0 89 231 253 242 163 0 63 164 253 253 237 56 0 254 253 253 244 183 0 0 159 252 253 113 0 0 0 0 107 116 28 0 0 0 0 0 0 0 0 0 0 0 0 0 0 0 0 
0 89 231 253 242 163 17 63 164 253 253 237 56 0 254 253 253 244 183 0 0 159 252 253 113 0 0 0 0 107 116 28 0 0 0 0 0 0 0 0 0 0 0 0 0 0 0 0 0 
89 231 253 242 163 17 0 164 253 253 237 56 0 0 253 253 244 183 0 0 0 252 253 113 0 0 0 0 107 116 28 0 0 0 0 0 0 0 0 0 0 0 0 0 0 0 0 0 0 
231 253 242 163 17 0 0 253 253 237 56 0 0 0 253 244 183 0 0 0 0 253 113 0 0 0 0 0 116 28 0 0 0 0 0 0 0 0 0 0 0 0 0 0 0 0 0 0 0 
253 242 163 17 0 0 0 253 237 56 0 0 0 0 244 183 0 0 0 0 0 113 0 0 0 0 0 0 28 0 0 0 0 0 0 0 0 0 0 0 0 0 0 0 0 0 0 0 0 
242 163 17 0 0 0 0 237 56 0 0 0 0 0 183 0 0 0 0 0 0 0 0 0 0 0 0 0 0 0 0 0 0 0 0 0 0 0 0 0 0 0 0 0 0 0 0 0 0 
163 17 0 0 0 0 0 56 0 0 0 0 0 0 0 0 0 0 0 0 0 0 0 0 0 0 0 0 0 0 0 0 0 0 0 0 0 0 0 0 0 0 0 0 0 0 0 0 0 
17 0 0 0 0 0 0 0 0 0 0 0 0 0 0 0 0 0 0 0 0 0 0 0 0 0 0 0 0 0 0 0 0 0 0 0 0 0 0 0 0 0 0 0 0 0 0 0 0 
0 0 0 0 0 0 0 0 0 0 0 0 0 0 0 0 0 0 0 0 0 0 0 0 0 0 0 0 0 0 0 0 0 0 0 0 0 0 0 0 0 0 0 0 0 0 0 0 0 
0 0 0 0 0 0 0 0 0 0 0 0 0 0 0 0 0 0 0 0 0 0 0 0 0 0 0 0 0 0 0 0 0 0 0 0 0 0 0 0 0 0 0 0 0 0 0 0 0 
0 0 0 0 0 0 0 0 0 0 0 0 0 0 0 0 0 0 0 0 0 0 0 0 0 0 0 0 0 0 0 0 0 0 0 0 0 0 0 0 0 0 0 0 0 0 0 0 0 
0 0 0 0 0 0 0 0 0 0 0 0 0 0 0 0 0 0 0 0 0 0 0 0 0 0 0 0 0 0 0 0 0 0 0 0 0 0 0 0 0 0 0 0 0 0 0 0 0 
0 0 0 0 0 0 0 0 0 0 0 0 0 0 0 0 0 0 0 0 0 0 0 0 0 0 0 0 0 0 0 0 0 0 0 0 0 0 0 0 0 0 0 0 0 0 0 0 0 
0 0 0 0 0 0 0 0 0 0 0 0 0 0 0 0 0 0 0 0 0 0 0 0 0 0 0 0 0 0 0 0 0 0 0 0 0 0 0 0 0 0 0 0 0 0 0 0 0 
0 0 0 0 0 0 0 0 0 0 0 0 0 0 0 0 0 0 0 0 0 0 0 0 0 0 0 0 0 0 0 0 0 0 0 0 0 0 0 0 0 0 0 0 0 0 0 0 0 
0 0 0 0 0 0 0 0 0 0 0 0 0 0 0 0 0 0 0 0 0 0 0 0 0 0 0 0 0 0 0 0 0 0 0 0 0 0 0 0 0 0 0 0 0 0 0 0 0 
0 0 0 0 0 0 0 0 0 0 0 0 0 0 0 0 0 0 0 0 0 0 0 0 0 0 0 0 0 0 0 0 0 0 0 0 0 0 0 0 0 0 0 0 0 0 0 0 0 
0 0 0 0 0 0 0 0 0 0 0 0 0 0 0 0 0 0 0 0 0 0 0 0 0 0 0 0 0 0 0 0 0 0 0 0 0 0 0 0 0 0 0 0 0 0 0 0 0 
0 0 0 0 0 0 0 0 0 0 0 0 0 0 0 0 0 0 0 0 0 0 0 0 0 0 0 0 0 0 0 0 0 0 0 0 0 0 0 0 0 0 0 0 0 0 0 0 0 
0 0 0 0 0 0 0 0 0 0 0 0 0 0 0 0 0 0 0 0 0 0 0 0 0 0 0 0 0 0 0 0 0 0 0 0 0 0 0 0 0 0 0 0 0 0 0 0 0 
0 0 0 0 0 0 0 0 0 0 0 0 0 0 0 0 0 0 0 0 0 0 0 0 0 0 0 0 0 0 0 0 0 0 0 0 0 0 0 0 0 0 0 0 0 0 0 0 0 
0 0 0 0 0 0 0 0 0 0 0 0 0 0 0 0 0 0 0 0 0 0 0 0 0 0 0 0 0 0 0 0 0 0 0 0 0 0 0 0 0 0 0 0 0 0 0 0 0 
0 0 0 0 0 0 0 0 0 0 0 0 0 0 0 0 0 0 0 0 0 0 0 0 0 0 0 0 0 0 0 0 0 0 0 0 0 0 0 0 0 0 0 0 0 0 0 0 0 
0 0 0 0 0 0 63 0 0 0 0 0 0 254 0 0 0 0 0 0 159 0 0 0 0 0 0 0 0 0 0 0 0 0 0 0 0 0 0 0 0 0 0 0 0 0 0 0 0 
0 0 0 0 0 63 164 0 0 0 0 0 254 253 0 0 0 0 0 159 252 0 0 0 0 0 0 107 0 0 0 0 0 0 0 0 0 0 0 0 0 0 0 0 0 0 0 0 0 
0 0 0 0 63 164 253 0 0 0 0 254 253 253 0 0 0 0 159 252 253 0 0 0 0 0 107 116 0 0 0 0 0 0 0 0 0 0 0 0 0 0 0 0 0 0 0 0 0 
0 0 0 63 164 253 253 0 0 0 254 253 253 244 0 0 0 159 252 253 113 0 0 0 0 107 116 28 0 0 0 0 0 0 0 0 0 0 0 0 0 0 0 0 0 0 0 0 0 
0 0 63 164 253 253 237 0 0 254 253 253 244 183 0 0 159 252 253 113 0 0 0 0 107 116 28 0 0 0 0 0 0 0 0 0 0 0 0 0 0 0 0 0 0 0 0 0 0 
0 63 164 253 253 237 56 0 254 253 253 244 183 0 0 159 252 253 113 0 0 0 0 107 116 28 0 0 0 0 0 0 0 0 0 0 0 0 0 0 0 0 0 0 0 0 0 0 0 
63 164 253 253 237 56 0 254 253 253 244 183 0 0 159 252 253 113 0 0 0 0 107 116 28 0 0 0 0 0 0 0 0 0 0 0 0 0 0 0 0 0 0 0 0 0 0 0 0 
164 253 253 237 56 0 0 253 253 244 183 0 0 0 252 253 113 0 0 0 0 107 116 28 0 0 0 0 0 0 0 0 0 0 0 0 0 0 0 0 0 0 0 0 0 0 0 0 0 
253 253 237 56 0 0 0 253 244 183 0 0 0 0 253 113 0 0 0 0 0 116 28 0 0 0 0 0 0 0 0 0 0 0 0 0 0 0 0 0 0 0 0 0 0 0 0 0 0 
253 237 56 0 0 0 0 244 183 0 0 0 0 0 113 0 0 0 0 0 0 28 0 0 0 0 0 0 0 0 0 0 0 0 0 0 0 0 0 0 0 0 0 0 0 0 0 0 0 
237 56 0 0 0 0 0 183 0 0 0 0 0 0 0 0 0 0 0 0 0 0 0 0 0 0 0 0 0 0 0 0 0 0 0 0 0 0 0 0 0 0 0 0 0 0 0 0 0 
56 0 0 0 0 0 0 0 0 0 0 0 0 0 0 0 0 0 0 0 0 0 0 0 0 0 0 0 0 0 0 0 0 0 0 0 0 0 0 0 0 0 0 0 0 0 0 0 0 
0 0 0 0 0 0 0 0 0 0 0 0 0 0 0 0 0 0 0 0 0 0 0 0 0 0 0 0 0 0 0 0 0 0 0 0 0 0 0 0 0 0 0 0 0 0 0 0 0 
0 0 0 0 0 0 0 0 0 0 0 0 0 0 0 0 0 0 0 0 0 0 0 0 0 0 0 0 0 0 0 0 0 0 0 0 0 0 0 0 0 0 0 0 0 0 0 0 0 
0 0 0 0 0 0 0 0 0 0 0 0 0 0 0 0 0 0 0 0 0 0 0 0 0 0 0 0 0 0 0 0 0 0 0 0 0 0 0 0 0 0 0 0 0 0 0 0 0 
0 0 0 0 0 0 0 0 0 0 0 0 0 0 0 0 0 0 0 0 0 0 0 0 0 0 0 0 0 0 0 0 0 0 0 0 0 0 0 0 0 0 0 0 0 0 0 0 0 
0 0 0 0 0 0 0 0 0 0 0 0 0 0 0 0 0 0 0 0 0 0 0 0 0 0 0 0 0 0 0 0 0 0 0 0 0 0 0 0 0 0 0 0 0 0 0 0 0 
0 0 0 0 0 0 0 0 0 0 0 0 0 0 0 0 0 0 0 0 0 0 0 0 0 0 0 0 0 0 0 0 0 0 0 0 0 0 0 0 0 0 0 0 0 0 0 0 0 
0 0 0 0 0 0 0 0 0 0 0 0 0 0 0 0 0 0 0 0 0 0 0 0 0 0 0 0 0 0 0 0 0 0 0 0 0 0 0 0 0 0 0 0 0 0 0 0 0 
0 0 0 0 0 0 0 0 0 0 0 0 0 0 0 0 0 0 0 0 0 0 0 0 0 0 0 0 0 0 0 0 0 0 0 0 0 0 0 0 0 0 0 0 0 0 0 0 0 
0 0 0 0 0 0 0 0 0 0 0 0 0 0 0 0 0 0 0 0 0 0 0 0 0 0 0 0 0 0 0 0 0 0 0 0 0 0 0 0 0 0 0 0 0 0 0 0 0 
0 0 0 0 0 0 0 0 0 0 0 0 0 0 0 0 0 0 0 0 0 0 0 0 0 0 0 0 0 0 0 0 0 0 0 0 0 0 0 0 0 0 0 0 0 0 0 0 0 
0 0 0 0 0 0 0 0 0 0 0 0 0 0 0 0 0 0 0 0 0 0 0 0 0 0 0 0 0 0 0 0 0 0 0 0 0 0 0 0 0 0 0 0 0 0 0 0 0 
0 0 0 0 0 0 0 0 0 0 0 0 0 0 0 0 0 0 0 0 0 0 0 0 0 0 0 0 0 0 0 0 0 0 0 0 0 0 0 0 0 0 0 0 0 0 0 0 0 
